11869
29554
29806
91105
131104
133566
139697
149707
173864
228775
267253
320162
326096
329784
332243
460480
470907
523009
523833
564442
565020
566205
566454
568137
568915
569076
569756
657465
663527
685396
700305
714006
714162
717325
721320
740179
745541
752751
753092
762902
762988
808672
812283
846815
860260
894689
895967
901877
917497
935552
943609
948803
955503
995114
1051741
1142071
1149518
1167411
1167629
1182102
1186714
1209265
1210603
1214447
1243947
1244989
1254069
1260071
1260136
1266694
1284760
1297157
1310875
1334708
1334902
1342693
1357149
1369953
1370241
1385069
1407143
1447531
1510249
1510355
1535476
1550795
1567474
1588935
1624167
1631369
1655966
1656054
1663993
1667256
1677431
1711896
1822502
1822910
1846266
1850712
1981909
2115828
2144159
2160134
2316811
2323146
2323267
2345236
2398898
2458039
2461684
2487078
2488470
2497849
2512999
2517930
2564481
2706280
3528059
3541307
3541566
3569084
3569325
3585336
3654439
3663900
3689352
3713068
3773778
3773845
3816857
3816936
6051526
6052533
6240183
6265535
6269449
6296032
6296300
6321035
6454451
6484730
6484848
6526255
6580121
6614595
6615241
6640061
6673745
6674667
6684926
6761984
6845384
7831329
7844380
7887402
7913572
8000926
8014351
8086368
8118523
8377886
8484705
8810489
8846994
8877702
8938066
8938894
8939308
8953468
8967803
9148537
9189250
9242271
9262678
9294863
9352939
9599541
9636485
9648932
9711790
9714644
9747632
9884584
9908376
9970394
10003465
10003486
10007376
10057264
10092890
10270764
10458649
10490159
10490159
10509776
10518612
10532345
10532583
10856707
11042094
11072414
11107290
11120081
11128528
11159732
11159938
11293020
11322608
11333263
11339408
11539223
11714432
11715842
11724181
11751707
11751786
11796141
11821844
11866207
11866977
11883337
11901074
11908402
11937827
11986485
11994262
12040238
12079523
12123434
12227060
12290124
12677737
12908578
13184326
14026693
14105625
14925200
15478960
15479028
15573768
15670372
15735929
15736391
15853029
15853308
15911605
15930121
15931077
15943995
16010827
16062900
16063391
16119291
16134194
16154724
16174359
16174642
16302627
16330731
16345330
16346089
16370247
16400127
16482582
16539140
16543823
16556094
16563495
16567893
16678949
16679070
16696025
16763919
16767167
16787443
16819196
16840780
16841140
16847189
16879026
16940083
16971178
16972069
16993443
16999498
17012550
17046652
17067011
17096732
17181902
17197440
17216144
17222232
17222475
17338423
17380665
17445948
17531621
17634690
17733256
17766220
17866330
18807424
19229275
19283180
19536770
19536995
19578033
19578046
19600688
19615744
19638640
19638820
19812066
19923477
19934608
19967048
19991780
20126438
20209006
20354672
20446050
20465819
20512578
20812713
20834654
20915441
20959948
20978686
20988000
21044510
21059330
21069480
21113816
21503377
21619783
21671997
21724480
21754460
21754795
21766621
21835858
21995856
22110099
22138758
22234591
22263790
22351461
22351681
22379120
22470462
22778344
23037332
23345941
23504301
23571258
23613245
23670829
23695490
23695935
23751233
23810750
23857712
23886285
23907985
24018269
24069645
24104777
24104895
24117460
24127271
24165110
24194784
24229227
24275873
24285549
24285599
24307417
24514449
24645812
24742284
24743424
24829387
24865371
24958207
25071848
25287836
25291612
25558993
25593627
25598884
25621134
25664408
25664704
25725203
25756683
25757388
25870071
25943959
25985602
26126667
26145131
26146263
26147288
26185903
26186104
26197744
26233482
26324648
26437664
26496362
26498312
26503894
26560691
26605667
26644448
26644854
26758773
26781678
26798941
26856252
27020622
27022524
27113963
27153201
27189633
27202624
27216788
27219052
27226729
27226962
27286897
27306656
27312831
27320198
27493472
27503242
27527964
27533421
27537755
27561007
27634278
27648651
27651820
27668513
27693383
27719148
27816669
27930942
27961788
27975930
27989233
27995979
27998729
28052490
28065602
28099694
28157289
28199055
28241257
28261504
28285973
28415207
28422933
28447832
28520447
28559536
28562620
28586038
28655513
28696114
28780031
28832455
28832492
28833878
28835071
28853741
28879597
28909495
28918712
28969597
28969740
28995244
29063133
29194087
29203848
29213603
29309122
29450447
29508499
29557454
29563028
31190940
31196434
31230667
31381608
31538838
31736529
31769662
31769842
31849697
31882412
31961608
31971841
31984036
32042116
32110497
32169920
32230494
32281652
32379174
32410457
32479430
32537632
32573639
32645287
32665987
32671236
32672415
32674695
32687529
32687972
32707221
32712834
32716840
32757687
32788162
32801980
32817122
32829879
32860332
33005028
33116504
33116743
33169197
33207486
33282368
33283754
33338083
33351595
33367039
33430286
33445543
33452553
33452676
33546597
33546705
33647671
33722146
33780296
33896653
33938232
33977608
35258599
35316295
35325417
35395186
35450914
35450954
35497569
35525387
35587623
35658749
35734568
35816323
35831678
36023074
36023551
36038971
36043330
36107445
36185073
36204990
36235568
36273773
36335409
36396319
36549676
36554476
36590821
36615098
36621180
36690017
36771988
36789335
36789755
36851497
36863493
36916086
36930038
36948879
37940012
37940153
37980375
38010364
38019905
38021843
38022520
38061540
38100595
38157914
38158090
38230805
38259474
38266551
38272651
38273857
38325292
38326369
38412729
38456593
38471278
38474930
38512450
38512986
38940868
39174626
39325495
39325672
39347289
39347289
39407471
39456895
39491990
39546988
39770570
39876151
39957318
39980628
40011859
40024379
40030832
40042462
40105617
40137710
40157361
40157854
40183700
40237020
40254533
40254648
40349183
40363417
40367928
40420802
40428352
40505905
40563375
40598434
40627045
40723639
40723779
40783488
40799230
40810522
40915774
40929991
40942887
40974333
40974413
40980729
40982846
40997233
41131329
41157320
41249684
41328018
41445007
41488909
41707826
41827594
41950344
42007739
42501596
42801548
42804047
42846466
42878465
42921788
42921938
42929001
42966067
43124096
43144406
43148098
43232755
43232940
43242461
43282795
43282954
43312033
43312058
43312093
43312280
43354438
43358101
43368903
43424539
43424720
43637820
43727589
43735665
43766664
43824329
43824599
43833697
43850784
43855479
43855553
43914315
43919660
43990858
44115829
44171495
44173809
44317405
44398992
44412223
44412611
44435672
44440159
44444615
44457031
44497139
44588184
44679127
44820932
44870866
45140227
45140364
45190179
45205490
45240923
45241482
45246387
45253377
45265897
45272957
45274154
45308735
45309754
45424229
45452282
45454397
45457895
45477001
45477819
45536101
45771881
45792545
45805342
45806142
45880692
45956872
45965725
45965751
45988719
46016215
46049518
46089729
46111869
46117498
46152886
46153785
46162747
46216322
46246949
46252659
46313280
46640745
46642160
46669006
46685977
46713360
46769280
46769303
46805849
46859937
46897801
47082515
47082563
47139539
47184824
47357301
47540463
47644922
47644943
47779819
47799469
47900313
47901689
48791795
48901639
48937845
49244275
50513686
50791803
50871696
51246011
51425935
51426417
51624143
51701943
51717144
51810788
51837951
51927393
51983981
51985000
52042851
52259721
52344477
52456436
52499063
52499488
52521797
52521843
52608046
52626274
52628698
52645518
52719293
52831865
52834347
52870131
52870236
53019159
53068044
53099016
53164038
53192126
53238320
53308183
53386077
53392884
53392901
53459374
53460398
53662101
53679447
53686289
53686335
53704282
53704282
53793742
53833917
54304533
54356407
54356912
54411750
54411975
54441772
54500553
54519177
54519260
54555529
54565897
54569968
54637997
54649714
54665709
54665746
54691156
54703710
54879152
55002469
55007930
55089229
55181495
55230187
55266940
55271736
55352548
55352921
55353236
55681039
55688052
57085222
57110974
57110995
58071878
58514963
58522152
59012474
59043166
59097202
59165764
59249785
59250823
59362375
59465348
59486059
59553867
59664293
59762467
60280458
60392462
62191095
62208149
62504514
62584681
62660503
62901968
63153969
63154153
63249806
63790112
63826850
63833261
63989043
64014635
64058916
64059392
64121426
64239693
64254975
64309356
64636980
64936428
65210778
65432187
65451772
65543814
65613232
65713902
65886248
65886270
66258197
67390570
67390578
67519782
67632083
67743735
67773047
67896098
68150744
68299150
68517314
68628773
68698803
68708738
68944812
68962359
68962904
70385005
70607065
70671303
70671365
70820417
70820488
70826120
70876901
70996209
71126348
71514538
71546980
71547007
72740235
72767155
74663871
74663922
74663926
74663937
75139422
75198836
75199092
76047784
76076801
76107772
76190036
76210461
76251879
76262567
76540389
77165474
77594768
77660510
77685115
78149104
78225537
78240549
78245309
78277621
78312793
78354198
78355224
78444794
78444859
78445226
78509853
78557183
79085607
79115481
79131956
79214758
79521740
79986765
80917690
80961588
81001440
81564690
81674253
81771845
81892141
81967455
82726817
84464833
84543745
84551424
84710017
84764049
84944942
84971974
84972248
85040163
85156486
85358896
85462796
85464830
85514182
85666729
85725355
85742398
85743771
86044046
86046444
86174116
86622626
86862025
87170145
87170259
87250596
87380107
87380331
87511554
87511558
87794151
89149905
89150887
89294785
89357627
89389053
89458636
89458643
89488577
89531043
89570450
89616139
89664615
89726265
89738544
89756020
89829605
89873238
89990395
90098453
90098631
90286573
90457722
90459880
91317207
91359169
91487829
91489476
91793926
91852949
91966404
92001163
92100568
92371892
92540968
92545862
92581362
92590858
92632542
92694992
92764522
92764544
92864531
92952433
93257961
93297597
93427079
93544792
93645476
93646285
93656617
93811445
93811582
93850555
93913658
94241000
94312706
94345474
94374966
94586688
94740624
94798823
94883933
95392834
95393122
95538501
95582894
95699711
95729610
96884150
96912486
97145176
97187221
98011257
98386605
99127236
99473774
100232187
100315640
100435345
100435420
100496122
100503653
100598511
100598706
100643771
100678849
100715390
100731676
100731763
100798173
100810584
100859582
100951553
101185305
101361554
101361632
101407550
101461029
101491409
101491644
101702084
101702444
101708714
101721830
101736919
101788893
102254059
102462586
104068313
104096437
104112175
104159999
104197912
104210890
104239302
104256345
104293028
104469189
104615632
104615645
106240661
106434052
106434361
107599267
107682629
108047825
108507766
108742548
108743471
108786703
108816311
108918421
108963311
109102711
109204148
109234945
109289296
109417972
109506111
109534878
109572688
109584850
109589448
109618624
109633357
109642815
109647388
109656301
109756540
109792641
109825808
109940573
109969062
110009180
110026101
110036674
110052360
110082494
110091233
110138847
110155679
110158726
110172927
110193992
110198703
110210644
110230436
110230450
110236364
110254877
110284384
110452864
110527308
110574199
110583793
110600962
110613234
110753965
110881128
110881793
110933704
110950147
110950564
111174096
111199662
111217655
111391563
111415772
111484975
111486089
111506701
111682249
111682838
111743393
111747157
111888910
111970399
111975690
111980136
111983986
111991486
111991998
112016414
112084840
112106597
112151345
112192166
112282463
112297867
112298446
112531777
112938803
112999440
113009163
113161795
113163447
113215763
113239243
113250056
113258099
113392650
113393265
113466045
113499037
113499635
113550876
113615727
113615831
113669505
113711616
113741447
113933371
113992322
114242253
114302111
114355001
114355098
114399257
114414381
114430169
114447763
114447823
114471814
114472114
115053781
115078616
115124260
115213043
115238239
115259515
115301297
115323306
115632121
116107222
116184574
116386538
116400440
116519119
116654376
116915290
116961197
117021464
117041834
117076714
117113661
117210375
117257457
117285231
117297007
117452679
117544382
117602112
117602925
117665209
117910071
118148556
118184261
118321128
118472253
118472343
118727846
119158269
119532179
119628577
119669914
119683019
119683294
119762719
119869926
120039464
120141894
120143963
120190396
120202421
120387779
120395939
120544125
120612240
120837272
120838343
120880883
120904675
120906043
120924841
121107124
121244142
121261143
142618766
142660749
142688925
142713881
142714605
142729971
142791175
142791488
142803532
142816004
143119061
143188828
143211070
143244859
143275032
143343559
143347958
143377281
143467658
143687097
143719704
143721171
143745417
143767881
143913143
143913615
144146808
144311376
144339738
144341756
144364246
144491605
144521970
144593363
144612683
144679969
144811744
144835867
145076186
145096220
145139569
145209119
145209145
145277250
145289772
145375554
145382397
145413095
145438469
145470388
145470508
145477085
145507598
145508262
145516076
145516252
145524891
145575233
145590461
145611025
145611036
145715614
145726918
145827103
145883868
145942619
145952372
145969433
146011091
146059926
146076838
146082765
146253110
146373546
146392852
146475178
146555127
146596107
146644129
146644806
146649692
146676513
146714291
146714700
146790828
147013182
147142618
147400506
147481824
147484331
147494090
147511167
147552868
147601780
147618673
147624601
147887350
147907215
147931933
147955419
148025863
148193172
148202536
148248104
148347506
148349256
148555979
148575051
148598398
148598976
148737087
148739443
148760504
148761018
148806015
148854138
148928322
149036435
149224221
149230716
149239531
149261186
149284645
149287451
149399179
149400542
149459549
149553003
149575482
149577296
149591762
149605917
149647622
149664577
149672997
149675978
149783928
149785236
149804232
149812765
149814478
149814606
149820591
149822340
149822643
149824181
149832714
149858232
149858486
149858525
149859466
149889434
149900236
149908791
149982686
150025846
150039369
150121373
150131600
150208504
150230169
150240600
150241980
150254953
150266289
150293925
150335567
150459887
150480538
150488233
150521884
150552073
150602088
150669672
150738433
150780799
150849244
150876372
150898739
150937736
150947479
150954493
150980851
150980896
151009046
151020216
151030234
151032249
151043054
151119104
151129105
151138424
151138498
151148492
151167797
151170425
151227179
151254094
151254405
151300191
151313124
151319443
151319833
151372010
151431941
151482986
151512781
151529922
151584541
151735445
151736040
151763280
151763892
151813033
151814353
151826173
151882284
151966866
152020383
152050428
152086556
152196669
152297679
152372052
152748848
152758690
152779107
152784447
152881021
152921686
153014407
153030013
153085991
153197556
153232176
153283194
153321316
153330330
153353440
153508720
153514241
153521848
153522612
153540366
153589462
153600402
153606525
153606873
153618305
153631130
153643524
153651113
153700543
153746830
153825890
153895451
153919172
153931101
153940010
153940188
153950164
153958834
153963235
153968108
154127592
154167124
154192655
154193104
154244987
154298029
154351565
154377669
154379040
154387613
154474589
154531504
154540257
154600475
154680702
154842756
154909467
154928599
154936329
154946871
154947129
154955814
154975127
155006257
155018594
155023042
155036207
155036224
155099936
155107820
155108373
155113071
155121020
155145873
155159747
155162707
155166659
155178490
155178842
155183610
155197214
155200766
155214653
155225274
155232221
155247374
155248282
155271225
155278539
155280381
155290687
155293967
155402969
155531833
155532598
155556435
155579979
155580171
155581011
155630036
155657751
155658791
155815158
155829191
155829300
155881195
155904191
155966129
155990750
156023585
156024543
156051789
156052364
156117157
156163880
156182773
156182784
156211753
156217881
156252616
156252726
156265463
156307105
156337664
156400493
156470620
156542396
156549519
156561542
156571288
156611182
156631216
156647189
156675608
156698234
156698591
156711382
156720402
156736717
156786654
157015162
157030554
157043049
157069600
157108266
157522310
157567870
157610091
157661552
157670775
157678876
157746922
157789895
158147545
158223927
158259563
158423988
158493462
158656488
158801107
158900586
158969758
159116886
159141399
159172177
159173097
159750722
159796540
159825137
159869953
159895522
159915394
159996584
160001783
160040038
160068733
160121360
160160285
160175127
160178659
160231534
160237016
160254920
160256138
160287191
160313062
160313190
160336857
160370376
160493052
160549306
160617085
160639938
160643136
160681641
160709037
160765896
160832692
160864770
160905327
161008780
161008784
161015767
161039760
161059389
161068151
161087876
161087901
161102478
161122566
161129139
161129240
161136200
161147309
161166894
161168846
161185024
161195793
161208092
161228517
161279762
161284047
161337664
161337812
161349148
161375858
161475220
161494036
161551101
161551129
161576081
161644614
161655042
161676762
161691353
161719548
161736000
161736084
161860623
162336698
162467041
162531321
162601163
162760492
163187426
163236366
163291684
164326004
165600098
165668100
165738166
165738417
165788590
165796768
165991452
166136206
166246834
166459276
166716594
166808681
166837985
166845564
166944719
166958346
167059868
167063282
167132074
167190066
167487847
167523004
167560629
167596622
167599330
167690429
167883453
167905021
167906278
168025660
168054469
168106821
168148171
168179854
168195176
168216581
168250278
168338292
168420449
168511975
168513235
168545711
168548678
168867374
168907705
169074935
169337205
169337208
169429907
169455241
169455380
169555826
169599380
169631245
169680839
169764107
169828902
169863408
170054349
170339508
170501270
170501788
170631869
171217638
171240729
171283347
171308440
171454651
171640079
171653578
171711387
171731214
171750788
171794099
171810621
172413230
172501489
172717700
173111489
173176452
173320828
173332872
173430501
173446405
173639001
173684080
173710813
173793641
173793858
173831290
173837220
173838020
173991435
174128548
174129142
174417212
174819306
174968300
174992561
175014784
175036994
175162224
175889649
175891111
175986413
176176629
176176784
176241619
176432307
176585925
177995366
178062864
178380751
178511887
178694300
178716889
178840187
178994939
179050512
179070798
179170840
179198819
179262925
179334855
179417575
179426450
179846934
179851177
179923575
179923873
180123969
180199421
180245359
180403935
180472089
180601140
180882290
180924023
180933647
180945618
180992047
181003067
181057638
181143620
181382238
182305136
182361341
182558391
182573543
182584389
182758428
182808439
182911539
182992597
183155373
183387737
183441351
183441400
183560011
183604892
183605208
184006863
184020811
184356192
184724047
184943682
185014496
185126204
185126212
185140842
185196832
185249976
185286461
185703683
186265405
186344825
186344890
186369704
186430254
186550323
186649559
186798085
187532193
189962227
192216617
192216635
192544857
192605275
192685313
192778169
192963807
193028552
193029237
193075244
193091147
193155784
194158097
197108437
197115824
197169672
197191352
197704766
197716581
197744826
197871777
198126093
198167316
198567998
198607801
198649162
198906558
199356269
199996730
200182656
200379184
200443048
200589862
200638635
200639126
200708686
200832936
200842083
200860176
200992828
200993077
201140702
201368736
201398994
201434274
201438365
201476369
201478584
201487831
201489184
201592411
201798269
201798687
201857808
201924619
201947770
201951500
201977073
201979481
202113869
202130716
202137179
202311108
202317827
202407524
202441258
202679545
202736548
202778598
202780082
202830748
202830882
202858263
202880940
202897764
202927700
202936408
202976514
202995626
203059782
203144941
203155877
203224871
203242769
203256280
203274437
203274619
203320617
203595689
203626888
203734304
203764782
203765437
203775391
203805040
203830731
203873147
204042243
204183220
204316386
204346793
204380945
204463852
204485511
204498820
204595903
204654861
204797779
205053645
205091143
205171319
205180727
205197304
205290883
205320375
205473723
205538013
205594611
205601090
205649587
205719404
205744588
205782876
205912588
206136916
206137828
206288647
206306131
206516198
206643791
206671061
206677281
206680879
206702248
206785904
206808881
206858289
206869614
206945839
206972215
207070788
207080964
207096592
207119811
207143970
207222801
207226325
207262187
207494853
207627575
207669492
207726324
207818458
207818579
207925402
208042495
208417665
208871043
209346359
209405541
209441568
209757062
209825811
209848765
209859510
209897470
209929377
209957904
209979465
210001352
210440587
210501596
211035627
211346819
211380389
211431719
211499957
211556145
211590367
211608414
211615616
211752084
211834619
211848960
212004114
212109591
212208884
212208919
212225371
212458782
212482860
212588243
212606229
212731175
212738676
212873327
212965124
212965170
212997369
213020991
213031430
213031597
213123862
213189168
213224589
214156524
214454445
214656730
214725792
214776538
214782183
215740735
216596738
217665317
217804424
217804666
218023975
218458629
218519577
219347186
219347303
219373909
219398839
219786462
220220000
220263804
220267444
220317693
220426912
220441259
220445796
220489045
220490941
220701568
220799082
220863187
220921567
220960101
221051699
221915518
222641436
222721445
222763167
222763275
222791428
222815200
222817657
222885895
222886552
222988364
222988406
223742862
223853436
223889295
224033674
224045089
224052553
224135302
224175856
224183597
224183659
224222758
224301789
224363408
224363458
224407315
224518089
224544552
224622362
224624735
224762136
225083964
225600404
225616627
225653045
225965531
225997794
226034223
226070069
226111978
226111978
226187066
226249552
226335704
226374431
226411319
226497570
226595780
226626265
226736501
226927024
227057885
227085237
227179841
227452908
227506175
227599020
227618227
227621765
227751236
227916240
227923112
228135631
228165866
228194752
228270361
228293112
228297013
228303174
228327663
228337553
228353213
228353516
228395831
228594541
228604562
228645560
228645808
228652327
228674762
228744885
228823162
228870824
229177918
229406775
229406822
229407346
229455150
229479041
229569845
229576767
229644103
229694442
229706279
229761794
229761981
229825651
229841608
230193536
230404229
230417639
230778235
231005335
231114621
231114727
231157357
231175992
231297858
231376933
231376953
231472850
231473598
231560790
231664287
231664302
231762561
232697304
232940643
233086351
233425193
233431459
233463514
233749750
233972178
234040679
234492752
234492887
234509202
234509339
234614849
234742754
234745271
234765057
234782035
234831900
234861148
235092978
235105809
235116551
235292251
235324772
235490665
235491534
235530675
235667781
235814054
235901305
235991238
236046940
236228462
236273361
236305832
236445319
236450260
236511562
236646465
236681300
236687808
236713580
236767804
236958581
237144639
238090131
239216203
240136087
240175946
240308689
240333455
240800352
240934834
241082953
241162094
241683061
241695434
241799232
241840678
241995237
242011269
242156487
242540734
243138307
243220496
243265046
243299200
243418708
243419320
243431421
244014381
244214583
244515937
244615436
244617679
244816237
244858022
244998624
245018799
245027844
245133007
245318287
246670614
246729626
246729746
246769175
246845410
246887349
246935603
246939315
247095280
247171395
247206093
247242113
247267674
247335310
247348784
247351828
247372795
247393242
247405125
247495148
247579458
247990788
248524883
248616077
248636627
248648785
248651885
248684916
248712057
248722797
248738080
248757100
248802559
248845629
249120832
249132409
249153343
249200395
249230780
