      1 29554
      1 29806
     23 91105
     16 133566
     12 139697
      2 149707
      1 173864
      9 267253
      3 523009
      5 523833
     35 564442
    113 565020
     67 566205
     42 566454
     76 568137
    124 568915
    155 569076
    147 569756
      4 657465
      2 663527
      2 700305
     40 714006
     43 714162
     24 717325
     28 721320
     19 740179
     19 745541
     31 752751
     34 753092
     41 762902
     36 762988
     48 808672
     38 812283
     48 846815
     23 860260
     48 894689
     23 895967
     52 901877
     36 917497
     37 935552
     46 943609
     45 948803
     16 955503
     26 995114
     28 1051741
     53 1142071
     44 1149518
     14 1167411
     13 1167629
     33 1182102
     38 1186714
     16 1209265
     33 1210603
     42 1214447
     36 1243947
     61 1244989
     50 1254069
     34 1260071
     35 1260136
     53 1266694
     21 1284760
     50 1297157
     47 1310875
     35 1334708
     35 1334902
     38 1342693
     25 1357149
     42 1369953
     41 1370241
     43 1385069
     46 1407143
     40 1447531
     36 1510249
     29 1510355
     21 1535476
     25 1550795
     45 1567474
     17 1588935
     28 1624167
     10 1631369
     34 1655966
     37 1656054
     58 1663993
     48 1667256
     14 1677431
     34 1711896
     13 1822502
     18 1822910
     41 1846266
     38 1850712
     28 1981909
     44 2115828
     32 2144159
     14 2160134
     60 2316811
     31 2323146
     33 2323267
     27 2345236
     26 2398898
     29 2458039
     32 2461684
     29 2487078
     44 2488470
     41 2497849
     45 2512999
     26 2517930
     36 2564481
     26 2706280
     31 3528059
     23 3541307
     24 3541566
     20 3569084
     19 3569325
     38 3585336
     41 3654439
     30 3663900
     21 3689352
     22 3713068
     28 3773778
     31 3773845
     56 3816857
     56 3816936
     32 6051526
     31 6052533
     28 6240183
     25 6265535
     29 6269449
     30 6296032
     27 6296300
     25 6321035
     37 6454451
     24 6484730
     27 6484848
     38 6526255
     34 6580121
     42 6614595
     34 6615241
     47 6640061
     30 6673745
     32 6674667
     23 6684926
     29 6761984
     17 6845384
     31 7831329
     30 7844380
     42 7887402
     30 7913572
     25 8000926
     25 8014351
     26 8086368
     34 8118523
     30 8377886
     22 8484705
     38 8810489
     24 8846994
     36 8877702
     23 8938066
     30 8938894
     29 8939308
     32 8953468
     28 8967803
     50 9148537
     29 9189250
     23 9242271
     29 9262678
     24 9294863
     24 9352939
     32 9599541
     30 9636485
     27 9648932
     31 9711790
     27 9714644
     31 9747632
     18 9884584
     27 9908376
     27 9970394
     30 10003465
     30 10003486
     27 10007376
     24 10057264
     29 10092890
     27 10270764
     44 10458649
     74 10490159
     23 10509776
     29 10518612
     27 10532345
     26 10532583
     37 10856707
     23 11042094
     34 11072414
     37 11107290
     25 11120081
     40 11128528
     46 11159732
     42 11159938
     39 11293020
     42 11322608
     35 11333263
     31 11339408
     40 11539223
     24 11714432
     28 11715842
     33 11724181
     22 11751707
     21 11751786
     35 11796141
     37 11821844
     32 11866207
     26 11866977
     48 11883337
     34 11901074
     31 11908402
     42 11937827
     24 11986485
     46 11994262
     33 12040238
     42 12079523
     23 12123434
     29 12227060
     22 12290124
     24 12677737
     48 12908578
     59 13184326
     21 14026693
     29 14105625
     26 14925200
     32 15478960
     34 15479028
     41 15573768
     27 15670372
     23 15735929
     20 15736391
     29 15853029
     28 15853308
     39 15911605
     38 15930121
     33 15931077
     27 15943995
     12 16010827
     33 16062900
     35 16063391
     33 16119291
     38 16134194
     45 16154724
     29 16174359
     30 16174642
     35 16302627
     34 16330731
     42 16345330
     36 16346089
     47 16370247
     28 16400127
     25 16482582
     21 16539140
     28 16543823
     28 16556094
     28 16563495
     27 16567893
     37 16678949
     37 16679070
     38 16696025
     28 16763919
     36 16767167
     28 16787443
     26 16819196
     57 16840780
     54 16841140
     66 16847189
     22 16879026
     19 16940083
     16 16971178
     20 16972069
     30 17012550
     56 17046652
     16 17096732
     29 17181902
     40 17197440
     64 17216144
     71 17222232
     70 17222475
     24 17338423
     35 17380665
     28 17445948
     47 17531621
     46 17634690
     37 17733256
     28 17766220
     17 17866330
     32 18807424
     45 19229275
     16 19283180
     31 19536770
     35 19536995
     34 19578033
     34 19578046
     52 19600688
     35 19615744
     46 19638640
     47 19638820
     31 19812066
     30 19923477
     34 19934608
     30 19967048
     22 19991780
     32 20126438
     30 20209006
     41 20354672
     33 20446050
     32 20465819
     26 20512578
     20 20812713
     35 20834654
     37 20915441
     25 20959948
     31 20978686
     44 20988000
     35 21044510
     36 21059330
     24 21069480
     21 21113816
     22 21503377
     34 21619783
     20 21671997
     38 21724480
     49 21754460
     50 21754795
     24 21766621
     17 21835858
     16 21995856
     44 22110099
     20 22138758
     37 22234591
     17 22263790
     30 22351461
     39 22351681
     25 22379120
     16 22470462
     29 22778344
     14 23037332
     25 23345941
     19 23504301
     35 23571258
     22 23613245
     39 23670829
     33 23695490
     33 23695935
     22 23751233
     21 23810750
     22 23857712
     45 23886285
     38 23907985
     47 24018269
     18 24069645
     32 24104777
     27 24104895
     33 24117460
     34 24127271
     19 24165110
     40 24194784
     37 24229227
      2 24275873
      3 24285549
      3 24285599
     19 24514449
     25 24645812
     31 24742284
     25 24743424
     19 24829387
     21 24865371
     28 24958207
     32 25071848
     24 25287836
     42 25291612
     35 25558993
     15 25593627
     19 25598884
     27 25621134
     19 25664408
     28 25664704
     24 25725203
     37 25756683
     28 25757388
     31 25870071
     19 25943959
     22 25985602
     20 26126667
     30 26145131
     37 26146263
     40 26147288
     33 26185903
     35 26186104
     25 26197744
     21 26233482
     31 26324648
     34 26437664
     29 26496362
     34 26498312
     52 26503894
     30 26560691
     28 26605667
     37 26644448
     25 26644854
     24 26758773
     29 26781678
     20 26798941
     19 26856252
     31 27020622
     15 27022524
     35 27113963
      7 27153201
     27 27189633
     24 27202624
     29 27216788
     27 27219052
     30 27226729
     25 27226962
     27 27286897
     34 27306656
     29 27312831
     27 27320198
     32 27493472
     26 27503242
     24 27527964
     30 27533421
     39 27537755
     23 27561007
     19 27634278
     26 27648651
     38 27651820
     27 27668513
     18 27693383
     25 27719148
     32 27816669
     17 27930942
     24 27961788
     23 27975930
     27 27989233
     35 27995979
     25 27998729
     25 28052490
     30 28065602
     35 28099694
     39 28157289
     15 28199055
     44 28241257
     42 28261504
     29 28285973
     33 28415207
     30 28422933
     29 28447832
     33 28520447
     32 28559536
     34 28562620
     24 28586038
     29 28655513
     28 28696114
     28 28780031
     38 28832455
     40 28832492
     57 28833878
     40 28835071
     35 28853741
     27 28879597
     20 28909495
     26 28918712
     27 28969597
     26 28969740
     12 28995244
     29 29063133
     22 29194087
     29 29203848
     21 29213603
     22 29309122
     21 29450447
     45 29508499
     22 29557454
     29 29563028
     29 31190940
     48 31196434
     33 31230667
     16 31381608
     20 31538838
     27 31736529
     37 31769662
     36 31769842
     21 31849697
     32 31882412
     28 31961608
     38 31971841
     36 31984036
     37 32042116
     34 32110497
     26 32169920
     19 32230494
     28 32281652
     27 32379174
     26 32410457
     27 32479430
     22 32537632
     36 32573639
     17 32645287
     23 32665987
     40 32671236
     33 32672415
     40 32674695
     36 32687529
     37 32687972
     28 32707221
     33 32712834
     39 32716840
     22 32757687
     30 32788162
     28 32801980
     14 32817122
     35 32829879
     25 32860332
     11 33005028
     30 33116504
     28 33116743
     22 33169197
     18 33207486
     32 33282368
     35 33283754
     30 33338083
     12 33351595
     23 33367039
     21 33430286
     31 33445543
     31 33452553
     29 33452676
     33 33546597
     34 33546705
     18 33647671
      8 33722146
     32 33780296
     28 33896653
     20 33938232
     29 33977608
     32 35258599
     26 35316295
     25 35325417
     17 35395186
     17 35450914
     18 35450954
     40 35497569
     21 35525387
     34 35587623
     39 35658749
     27 35734568
     29 35816323
     16 35831678
     21 36023074
     21 36023551
     29 36038971
     34 36043330
     31 36107445
     31 36185073
     28 36204990
     38 36235568
     24 36273773
     22 36335409
     35 36396319
     30 36549676
     28 36554476
     27 36590821
     38 36615098
     29 36621180
     30 36690017
     23 36771988
     26 36789335
     28 36789755
     27 36851497
     34 36863493
     33 36916086
     34 36930038
     31 36948879
     28 37940012
     31 37940153
     35 37980375
     53 38010364
     34 38019905
     27 38021843
     42 38022520
     48 38061540
     25 38100595
     36 38157914
     39 38158090
     28 38230805
     17 38259474
     23 38266551
     38 38272651
     20 38273857
     27 38325292
     24 38326369
     34 38412729
     32 38456593
      9 38471278
     20 38474930
     19 38512450
     19 38512986
     22 38940868
     46 39174626
     23 39325495
     21 39325672
     42 39347289
     29 39407471
     24 39456895
     34 39491990
     20 39546988
     16 39770570
     27 39876151
     24 39957318
     23 39980628
     25 40011859
     31 40024379
     27 40030832
     19 40042462
     33 40105617
     35 40137710
     34 40157361
     32 40157854
     38 40183700
     24 40237020
     27 40254533
     26 40254648
     36 40349183
     30 40363417
     24 40367928
     23 40420802
     48 40428352
     29 40505905
     24 40563375
     30 40598434
     22 40627045
     37 40723639
     32 40723779
     23 40783488
     36 40799230
     20 40810522
     38 40915774
     42 40929991
     18 40942887
     33 40974333
     32 40974413
     27 40980729
     25 40982846
     25 40997233
     34 41131329
     39 41157320
     15 41249684
     31 41328018
     33 41445007
     31 41488909
     16 41707826
     19 41827594
     35 41950344
     26 42007739
     20 42501596
     30 42801548
     16 42804047
     27 42846466
     34 42878465
     37 42921788
     36 42921938
     40 42929001
     37 42966067
     32 43124096
     24 43144406
     20 43148098
     34 43232755
     37 43232940
     32 43242461
     26 43282795
     26 43282954
     33 43312033
     33 43312058
     31 43312093
     34 43312280
     20 43354438
     21 43358101
     21 43368903
     21 43424539
     29 43424720
     34 43637820
     31 43727589
     18 43735665
     34 43766664
     31 43824329
     33 43824599
     15 43833697
     18 43850784
     36 43855479
     39 43855553
     32 43914315
     42 43919660
     27 43990858
     25 44115829
     22 44171495
     28 44173809
     41 44317405
     23 44398992
     17 44412223
     19 44412611
     33 44435672
     27 44440159
     20 44444615
     36 44457031
     25 44497139
     46 44588184
     25 44679127
     27 44820932
     20 44870866
     40 45140227
     41 45140364
     22 45190179
     47 45205490
     28 45240923
     41 45241482
     45 45246387
     26 45253377
     27 45265897
     27 45272957
     23 45274154
     26 45308735
     22 45309754
     26 45424229
     24 45452282
     27 45454397
     36 45457895
     37 45477001
     35 45477819
     30 45536101
     35 45771881
     29 45792545
     31 45805342
     44 45806142
     29 45880692
     31 45956872
     38 45965725
     37 45965751
     21 45988719
     29 46016215
     44 46049518
     20 46089729
     45 46111869
     23 46117498
     35 46152886
     27 46153785
     30 46162747
     29 46216322
     30 46246949
     36 46252659
     40 46313280
     24 46640745
     43 46642160
     25 46669006
     31 46685977
     27 46713360
     31 46769280
     30 46769303
     33 46805849
     25 46859937
     30 46897801
     31 47082515
     32 47082563
     32 47139539
     31 47184824
     14 47357301
     16 47540463
     20 47644922
     20 47644943
     34 47779819
     30 47799469
     18 47900313
     25 47901689
     27 48791795
     48 48901639
     35 48937845
     25 49244275
     26 50513686
     35 50791803
     24 50871696
     25 51246011
     16 51425935
     15 51426417
     23 51624143
     33 51701943
     54 51717144
     25 51810788
     32 51837951
     31 51927393
     29 51983981
     33 51985000
     27 52042851
     26 52259721
     48 52344477
     21 52456436
     46 52499063
     38 52499488
     31 52521797
     35 52521843
     19 52608046
     30 52626274
     21 52628698
     30 52645518
     28 52719293
     21 52831865
     30 52834347
     37 52870131
     35 52870236
     26 53019159
     27 53068044
     23 53099016
     33 53164038
     23 53192126
     37 53238320
     23 53308183
     26 53386077
     22 53392884
     22 53392901
     31 53459374
     29 53460398
     23 53662101
     32 53679447
     39 53686289
     39 53686335
     68 53704282
     23 53793742
     28 53833917
     26 54304533
     25 54356407
     21 54356912
     30 54411750
     22 54411975
     40 54441772
     29 54500553
     39 54519177
     40 54519260
     26 54555529
     32 54565897
     28 54569968
     37 54637997
     33 54649714
     28 54665709
     28 54665746
     29 54691156
     42 54703710
     34 54879152
     21 55002469
     30 55007930
     55 55089229
     32 55181495
     34 55230187
     39 55266940
     42 55271736
     33 55352548
     39 55352921
     41 55353236
     29 55681039
     43 55688052
     29 57085222
     28 57110974
     29 57110995
     27 58071878
     38 58514963
     48 58522152
     33 59012474
     30 59043166
     39 59097202
     50 59165764
     27 59249785
     32 59250823
     30 59362375
     37 59465348
     28 59486059
     45 59553867
     24 59664293
     34 59762467
     24 60280458
     22 60392462
     31 62191095
     32 62208149
     38 62504514
     31 62584681
     44 62660503
     32 62901968
     27 63153969
     27 63154153
     35 63249806
     17 63790112
     22 63826850
     29 63833261
     39 63989043
     23 64014635
     33 64058916
     42 64059392
     28 64121426
     26 64239693
     23 64254975
     26 64309356
     31 64636980
     30 64936428
     23 65210778
     21 65432187
     27 65451772
     29 65543814
     30 65613232
     21 65713902
     26 65886248
     26 65886270
     28 66258197
     32 67390570
     32 67390578
     46 67519782
     31 67632083
     34 67743735
     31 67773047
     42 67896098
     26 68150744
     26 68299150
     32 68517314
     35 68628773
     17 68698803
     42 68708738
     26 68944812
     37 68962359
     42 68962904
     23 70385005
     19 70607065
     39 70671303
     39 70671365
     33 70820417
     35 70820488
     22 70826120
     31 70876901
     41 70996209
     26 71126348
     22 71514538
     33 71546980
     33 71547007
     38 72740235
     13 72767155
     35 74663871
     36 74663922
     36 74663926
     36 74663937
     28 75139422
     32 75198836
     35 75199092
     31 76047784
     22 76076801
     39 76107772
     39 76190036
     39 76210461
     55 76251879
     24 76262567
     22 76540389
     46 77165474
     29 77594768
     30 77660510
     39 77685115
     26 78149104
     33 78225537
     44 78240549
     21 78245309
     53 78277621
     33 78312793
     35 78354198
     16 78355224
     43 78444794
     42 78444859
     38 78445226
     27 78509853
     30 78557183
     28 79085607
     25 79115481
     30 79131956
     32 79214758
     36 79521740
     22 79986765
     39 80917690
     50 80961588
     28 81001440
     41 81564690
     27 81674253
     31 81771845
     37 81892141
     46 81967455
     30 82726817
     29 84464833
     29 84543745
     30 84551424
     34 84710017
     36 84764049
     54 84944942
     49 84971974
     42 84972248
     31 85040163
     24 85156486
     27 85358896
     39 85462796
     24 85464830
     31 85514182
     31 85666729
     34 85725355
     42 85742398
     36 85743771
     25 86044046
     29 86046444
     43 86174116
     34 86622626
     40 86862025
     32 87170145
     36 87170259
     33 87250596
     32 87380107
     30 87380331
     33 87511554
     32 87511558
     36 87794151
     33 89149905
     34 89150887
     33 89294785
     34 89357627
     36 89389053
     36 89458636
     35 89458643
     30 89488577
     34 89531043
     29 89570450
     34 89616139
     24 89664615
     19 89726265
     44 89738544
     20 89756020
     25 89829605
     27 89873238
     52 89990395
     25 90098453
     28 90098631
     28 90286573
     12 90457722
     32 90459880
     20 91317207
     29 91359169
     23 91487829
     29 91489476
     36 91793926
     30 91852949
     23 91966404
     33 92001163
     26 92100568
     24 92371892
     23 92540968
     28 92545862
     28 92581362
     21 92590858
     24 92632542
     30 92694992
     38 92764522
     38 92764544
     24 92864531
     19 92952433
     26 93257961
     53 93297597
     33 93427079
     42 93544792
     28 93645476
     39 93646285
     25 93656617
     32 93811445
     36 93811582
     27 93850555
     24 93913658
     41 94241000
     36 94312706
     36 94345474
     31 94374966
     39 94586688
     34 94740624
     30 94798823
     33 94883933
     33 95392834
     27 95393122
     52 95538501
     20 95582894
     32 95699711
     18 95729610
     34 96884150
     25 96912486
     29 97145176
     30 97187221
     31 98011257
     35 98386605
     40 99127236
     32 99473774
     19 100232187
     20 100315640
     20 100435345
     19 100435420
     26 100496122
     33 100503653
     43 100598511
     54 100598706
     17 100643771
     18 100678849
     33 100715390
     40 100731676
     45 100731763
     24 100798173
     20 100810584
     41 100859582
     36 100951553
     34 101185305
     23 101361554
     22 101361632
     26 101407550
     25 101461029
     34 101491409
     34 101491644
     35 101702084
     39 101702444
     30 101708714
     31 101721830
     35 101736919
     22 101788893
     34 102254059
     25 102462586
     20 104068313
     25 104096437
     34 104112175
     49 104159999
      1 104197912
     38 104210890
      1 104239302
     42 104256345
      4 104293028
     38 104469189
     43 104615632
     41 104615645
     37 106240661
     44 106434052
     40 106434361
     44 107599267
     28 107682629
     36 108047825
     32 108507766
     38 108742548
     35 108743471
      3 108786703
      1 108918421
      2 108963311
     25 109102711
     36 109204148
     31 109234945
     34 109289296
     25 109417972
     25 109506111
     26 109534878
     25 109572688
     24 109584850
     16 109589448
     28 109618624
     38 109633357
     31 109642815
     27 109647388
     32 109656301
     26 109756540
     29 109792641
     36 109825808
     19 109940573
     36 109969062
     32 110009180
     17 110026101
     22 110036674
     29 110052360
     29 110082494
     45 110091233
     14 110138847
     25 110155679
     17 110158726
     30 110172927
     30 110193992
     32 110198703
     34 110210644
     38 110230436
     38 110230450
      8 110236364
     49 110254877
     21 110284384
     38 110452864
     24 110527308
     15 110574199
     32 110583793
     21 110600962
     27 110613234
     30 110753965
     32 110881128
     35 110881793
     22 110933704
     41 110950147
     29 110950564
     38 111174096
     24 111199662
     34 111217655
     45 111391563
     21 111415772
     25 111484975
     33 111486089
     40 111506701
     28 111682249
     27 111682838
     33 111743393
     21 111747157
     21 111888910
     24 111970399
     15 111975690
     22 111980136
     36 111983986
     23 111991486
     43 111991998
     33 112016414
     25 112084840
     29 112106597
     35 112151345
     29 112192166
     34 112282463
     41 112297867
     41 112298446
     15 112531777
     35 112938803
     26 112999440
     27 113009163
     37 113161795
     30 113163447
     34 113215763
     23 113239243
     27 113250056
     27 113258099
     35 113392650
     26 113393265
     32 113466045
     30 113499037
     28 113499635
     23 113550876
     38 113615727
     39 113615831
     19 113669505
     49 113711616
     32 113741447
     33 113933371
     32 113992322
     24 114242253
     33 114302111
     27 114355001
     27 114355098
     23 114399257
     21 114414381
     38 114430169
     35 114447763
     37 114447823
     19 114471814
     18 114472114
     32 115053781
     26 115078616
     37 115124260
     22 115213043
     32 115238239
     44 115259515
     22 115301297
     26 115323306
     33 115632121
     26 116107222
     39 116184574
     24 116386538
     37 116400440
     20 116519119
     26 116654376
     18 116915290
     39 116961197
     34 117021464
     26 117041834
     26 117076714
     40 117113661
     26 117210375
     33 117257457
     34 117285231
     30 117297007
     21 117452679
     26 117544382
     29 117602112
     40 117602925
     29 117665209
     22 117910071
     29 118148556
     33 118184261
     37 118321128
     34 118472253
     35 118472343
     37 118727846
     43 119158269
     33 119532179
     34 119628577
     33 119669914
     37 119683019
     39 119683294
     31 119762719
     19 119869926
     57 120039464
     26 120141894
     35 120143963
     32 120190396
     23 120202421
     28 120387779
     41 120395939
     40 120544125
     18 120612240
      6 120837272
     28 120838343
      9 120880883
     40 120904675
     62 120906043
     25 120924841
      9 121107124
     43 121244142
     33 121261143
     57 142618766
     40 142660749
     35 142688925
     46 142713881
     30 142714605
     23 142729971
      6 142791175
      7 142791488
     17 142803532
     11 142816004
     37 143119061
     33 143188828
     44 143211070
     36 143244859
     40 143275032
      7 143343559
     21 143347958
      7 143377281
     57 143467658
      4 143719704
      8 143721171
      9 143745417
     49 143767881
     10 143913143
     20 143913615
      1 144339738
      3 144364246
      2 144491605
     18 144521970
     43 144593363
     47 144612683
     35 144679969
     45 144811744
     27 144835867
     21 145076186
     31 145096220
     32 145139569
     14 145209119
     14 145209145
     12 145277250
     13 145289772
     34 145375554
     64 145382397
     24 145413095
     48 145438469
     12 145470388
      9 145470508
     24 145477085
     24 145507598
     21 145508262
     24 145516076
     23 145516252
     19 145524891
     38 145575233
     33 145590461
     25 145611025
     25 145611036
     22 145715614
     26 145726918
     44 145827103
     21 145942619
      3 146011091
     28 146253110
     33 146392852
     16 146475178
     25 146555127
     46 146596107
     33 146644129
     31 146644806
     39 146649692
     33 146676513
     37 146714291
     34 146714700
     32 146790828
     15 147013182
     31 147142618
     32 147400506
      1 147481824
     17 147484331
      1 147552868
      1 147624601
      5 147931933
     28 147955419
     32 148025863
     27 148193172
     11 148202536
     42 148248104
     23 148347506
     42 148349256
     46 148555979
     17 148575051
     33 148598398
     16 148598976
      2 148737087
      1 148739443
      4 148760504
      1 148761018
      4 148806015
     22 148854138
     13 148928322
     48 149036435
     62 149224221
     47 149230716
     51 149239531
     34 149261186
     20 149284645
     19 149287451
     48 149399179
     36 149400542
      3 149459549
      2 149575482
      2 149577296
     31 149605917
     32 149647622
     34 149664577
     31 149672997
     18 149675978
     42 149783928
     39 149785236
      9 149814478
     12 149814606
     20 149820591
     12 149822340
      1 149822643
     36 149858232
     41 149858486
     43 149858525
     19 149859466
     29 149889434
     39 149900236
     25 149908791
     27 149982686
     35 150025846
     32 150039369
     28 150121373
     36 150131600
     28 150208504
     25 150230169
     19 150240600
     25 150241980
     25 150254953
     34 150266289
     26 150293925
     25 150335567
     28 150459887
     22 150480538
     25 150488233
     15 150521884
     31 150552073
     29 150602088
     23 150669672
     24 150738433
     29 150780799
     26 150849244
     23 150876372
     26 150898739
     41 150937736
     18 150947479
     23 150954493
     31 150980851
     34 150980896
     26 151009046
     26 151020216
     23 151030234
     24 151032249
     40 151043054
     23 151119104
     20 151129105
     35 151138424
     34 151138498
     27 151148492
     28 151167797
     23 151170425
     25 151227179
     40 151254094
     33 151254405
     29 151300191
     26 151313124
     20 151319443
     28 151319833
     33 151372010
     22 151431941
     25 151482986
     35 151512781
     30 151529922
     29 151584541
     43 151735445
     34 151736040
     32 151763280
     27 151763892
     26 151813033
     26 151814353
     30 151826173
     32 151882284
     21 151966866
     27 152020383
     28 152050428
     26 152086556
     25 152196669
     31 152297679
     27 152372052
     40 152748848
     27 152758690
     33 152779107
     28 152784447
     37 152881021
     31 152921686
     38 153014407
     37 153030013
     20 153085991
     48 153197556
     34 153232176
     49 153283194
     39 153321316
     30 153330330
     51 153353440
     24 153508720
     33 153514241
     32 153521848
     29 153522612
     39 153540366
     23 153589462
     31 153600402
     35 153606525
     37 153606873
     29 153618305
     21 153631130
     57 153643524
     29 153651113
     41 153700543
     24 153746830
     30 153825890
     23 153895451
     13 153919172
     25 153931101
     24 153940010
     20 153940188
     31 153950164
     29 153958834
     33 153963235
     33 153968108
     30 154127592
     22 154167124
     36 154192655
     34 154193104
     26 154244987
     13 154298029
     45 154351565
     30 154377669
     17 154379040
     30 154387613
     23 154474589
     28 154531504
     35 154540257
     28 154600475
     20 154680702
     22 154842756
     32 154909467
     27 154928599
     27 154936329
     32 154946871
     44 154947129
     31 154955814
     22 154975127
     28 155006257
     26 155018594
     26 155023042
     28 155036207
     28 155036224
     27 155099936
     33 155107820
     39 155108373
     24 155113071
     19 155121020
     21 155145873
     25 155159747
     31 155162707
     22 155166659
     23 155178490
     25 155178842
      9 155183610
     31 155197214
     29 155200766
     27 155214653
     37 155225274
     30 155232221
     25 155247374
     17 155248282
     26 155271225
     14 155278539
     28 155280381
     27 155290687
     25 155293967
     43 155402969
     33 155531833
     29 155532598
     19 155556435
     39 155579979
     34 155580171
     23 155581011
     30 155630036
     52 155657751
     36 155658791
     29 155815158
     30 155829191
     33 155829300
     29 155881195
     34 155904191
     13 155966129
     20 155990750
     17 156023585
     26 156024543
     14 156051789
     26 156052364
     20 156117157
     18 156163880
     24 156182773
     24 156182784
     41 156211753
     34 156217881
     26 156252616
     23 156252726
     27 156265463
     29 156307105
     28 156337664
     21 156400493
     30 156470620
     29 156542396
     28 156549519
     29 156561542
     35 156571288
     25 156611182
     35 156631216
     23 156647189
     32 156675608
     34 156698234
     37 156698591
     39 156711382
     32 156720402
     23 156736717
     37 156786654
     23 157015162
     34 157030554
     42 157043049
     35 157069600
     41 157108266
     28 157522310
     36 157567870
     38 157610091
     25 157661552
     34 157670775
     32 157678876
     33 157746922
     25 157789895
     31 158147545
     31 158223927
     29 158259563
     39 158423988
     49 158493462
     34 158656488
     17 158801107
     25 158900586
     28 158969758
     26 159116886
     22 159141399
     17 159172177
     29 159173097
     37 159750722
     50 159796540
     38 159825137
     19 159869953
     26 159895522
     21 159915394
     25 159996584
     41 160001783
     19 160040038
     20 160068733
     52 160121360
     44 160160285
     18 160175127
     33 160178659
     23 160231534
     27 160237016
     33 160254920
     25 160256138
     31 160287191
     33 160313062
     30 160313190
     26 160336857
     29 160370376
     30 160493052
     31 160549306
     41 160617085
     41 160639938
     26 160643136
     40 160681641
     28 160709037
     35 160765896
     33 160832692
     51 160864770
     44 160905327
     32 161008780
     32 161008784
     23 161015767
     23 161039760
     29 161059389
     24 161068151
     40 161087876
     40 161087901
     23 161102478
     18 161122566
     27 161129139
     25 161129240
     39 161136200
     29 161147309
     25 161166894
     21 161168846
     42 161185024
     25 161195793
     28 161208092
     22 161228517
     20 161279762
     41 161284047
     28 161337664
     28 161337812
     27 161349148
     31 161375858
     39 161475220
     93 161494036
     36 161576081
     33 161644614
     33 161655042
     33 161676762
     25 161691353
     26 161719548
     30 161736000
     34 161736084
     24 161860623
     27 162336698
     28 162467041
     37 162531321
     20 162601163
     33 162760492
     23 163187426
     31 163236366
     24 163291684
     35 164326004
     44 165600098
     39 165668100
     39 165738166
     34 165738417
     33 165788590
     20 165796768
     20 165991452
     21 166136206
     36 166246834
     29 166459276
     29 166716594
     14 166808681
     23 166837985
     35 166845564
     29 166944719
     41 166958346
     38 167059868
     47 167063282
     35 167132074
     33 167190066
     37 167487847
     32 167523004
     25 167560629
     34 167596622
     29 167599330
     30 167690429
     28 167883453
     34 167905021
     33 167906278
     38 168025660
     43 168054469
     24 168106821
     26 168148171
     49 168179854
     51 168195176
     24 168216581
     20 168250278
     29 168338292
     31 168420449
     48 168511975
     62 168513235
     45 168545711
     50 168548678
     37 168867374
     28 168907705
     31 169074935
     35 169337205
     35 169337208
     28 169429907
     30 169455241
     29 169455380
     37 169555826
     34 169599380
     40 169631245
     30 169680839
     31 169764107
     21 169828902
     39 169863408
     30 170054349
     35 170339508
     39 170501270
     35 170501788
     29 170631869
     22 171217638
     31 171240729
     33 171283347
     27 171308440
     35 171454651
     53 171640079
     40 171653578
     37 171711387
     40 171731214
     44 171750788
     35 171794099
     27 171810621
     40 172413230
     31 172501489
     52 172717700
     33 173111489
     20 173176452
     26 173320828
     30 173332872
     32 173430501
     29 173446405
     20 173639001
     31 173684080
     19 173710813
     24 173793641
     20 173793858
     38 173831290
     56 173837220
     26 173838020
     25 173991435
     32 174128548
     33 174129142
     24 174417212
     37 174819306
     41 174968300
     26 174992561
     32 175014784
     33 175036994
     25 175162224
     19 175889649
     32 175891111
     28 175986413
     50 176176629
     50 176176784
     18 176241619
     25 176432307
     30 176585925
     25 177995366
     30 178062864
     25 178380751
     26 178511887
     24 178694300
     35 178716889
     17 178840187
     21 178994939
     34 179050512
     28 179070798
     42 179170840
     20 179198819
     29 179262925
     53 179334855
     38 179417575
     37 179426450
     32 179846934
     32 179851177
     25 179923575
     30 179923873
     41 180123969
     27 180199421
     27 180245359
     49 180403935
     40 180472089
     34 180601140
     22 180882290
     29 180924023
     44 180933647
     36 180945618
     42 180992047
     40 181003067
     45 181057638
     27 181143620
     20 181382238
     29 182305136
     41 182361341
     27 182558391
     28 182573543
     29 182584389
     27 182758428
     44 182808439
     20 182911539
     19 182992597
     33 183155373
     30 183387737
     20 183441351
     21 183441400
     34 183560011
     36 183604892
     20 183605208
     31 184006863
     39 184020811
     18 184356192
     37 184724047
     26 184943682
     25 185014496
     38 185126204
     38 185126212
     34 185140842
     31 185196832
     25 185249976
     33 185286461
     21 185703683
     22 186265405
     27 186344825
     25 186344890
     31 186369704
     31 186430254
     35 186550323
     40 186649559
     34 186798085
     28 187532193
     43 189962227
     41 192216617
     40 192216635
     27 192544857
     24 192605275
     33 192685313
     50 192778169
     26 192963807
     29 193028552
     26 193029237
     31 193075244
     39 193091147
     28 193155784
     48 194158097
     30 197108437
     27 197115824
     21 197169672
     31 197191352
     26 197704766
     35 197716581
     29 197744826
     38 197871777
     29 198126093
     35 198167316
     26 198567998
     30 198607801
     29 198649162
     22 198906558
     30 199356269
     28 199996730
     56 200182656
     25 200379184
     26 200443048
     34 200589862
     40 200638635
     40 200639126
     29 200708686
     29 200832936
     16 200842083
     31 200860176
     18 200992828
     18 200993077
     29 201140702
     29 201368736
     39 201398994
     26 201434274
     33 201438365
     24 201476369
     33 201478584
     23 201487831
     41 201489184
     18 201592411
     27 201798269
     26 201798687
     23 201857808
     38 201924619
     27 201947770
     33 201951500
     26 201977073
     27 201979481
     24 202113869
     28 202130716
     48 202137179
     22 202311108
     29 202317827
     66 202407524
     21 202441258
     22 202679545
     31 202736548
     37 202778598
     34 202780082
     34 202830748
     36 202830882
     43 202858263
     45 202880940
     29 202897764
     26 202927700
     34 202936408
     39 202976514
     35 202995626
     28 203059782
     42 203144941
     34 203155877
     34 203224871
     29 203242769
     28 203256280
     29 203274437
     45 203274619
     51 203320617
     19 203595689
     31 203626888
     30 203734304
     24 203764782
     24 203765437
     34 203775391
     34 203805040
     34 203830731
     25 203873147
     25 204042243
     25 204183220
     40 204316386
     22 204346793
     42 204380945
     30 204463852
     25 204485511
     30 204498820
     33 204595903
     25 204654861
     19 204797779
     31 205053645
     41 205091143
     26 205171319
     32 205180727
     25 205197304
     41 205290883
     40 205320375
     22 205473723
     18 205538013
     38 205594611
     29 205601090
     33 205649587
     36 205719404
     43 205744588
     30 205782876
     43 205912588
     10 206136916
     29 206137828
     53 206288647
     25 206306131
     23 206516198
     43 206643791
     27 206671061
     29 206677281
     28 206680879
     30 206702248
     29 206785904
     30 206808881
     13 206858289
     32 206869614
     24 206945839
     39 206972215
     33 207070788
     28 207080964
     31 207096592
     23 207119811
     32 207143970
     19 207222801
     31 207226325
     23 207262187
     26 207494853
     24 207627575
     32 207669492
      5 207726324
     44 207818458
     49 207818579
     29 207925402
     24 208042495
     22 208417665
     35 208871043
     45 209346359
     36 209405541
     27 209441568
     34 209757062
     39 209825811
     30 209848765
     14 209859510
     24 209897470
     29 209929377
     27 209957904
     30 209979465
     34 210001352
     26 210440587
     31 210501596
     39 211035627
     32 211346819
     49 211380389
     32 211431719
     35 211499957
     36 211556145
     25 211590367
     19 211608414
     27 211615616
     15 211752084
     27 211834619
     44 211848960
     15 212004114
     28 212109591
     31 212208884
     30 212208919
     30 212225371
     44 212458782
     32 212482860
     37 212588243
     21 212606229
     21 212731175
     25 212738676
     30 212873327
     47 212965124
     47 212965170
     36 212997369
     37 213020991
     48 213031430
     50 213031597
     25 213123862
     25 213189168
     25 213224589
     22 214156524
     37 214454445
     40 214656730
     21 214725792
     35 214776538
     37 214782183
     23 215740735
     19 216596738
     35 217665317
     33 217804424
     38 217804666
     37 218023975
     47 218458629
     25 218519577
     39 219347186
     42 219347303
     22 219373909
     34 219398839
     23 219786462
     35 220220000
     17 220263804
     26 220267444
     24 220317693
     37 220426912
     23 220441259
     42 220445796
     44 220489045
     39 220490941
     22 220701568
     26 220799082
     30 220863187
     30 220921567
     36 220960101
     18 221051699
     34 221915518
     44 222641436
     30 222721445
     24 222763167
     23 222763275
     25 222791428
     29 222815200
     31 222817657
     30 222885895
     29 222886552
     18 222988364
     17 222988406
     33 223853436
     30 223889295
     33 224033674
     31 224045089
     48 224052553
     30 224135302
      4 224175856
     25 224183597
     23 224183659
     25 224222758
     43 224301789
     32 224363408
     31 224363458
     24 224407315
     44 224518089
     38 224544552
     13 224622362
     21 224624735
     31 224762136
     21 225083964
     33 225600404
     23 225616627
     37 225653045
     35 225965531
     27 225997794
     24 226034223
     30 226070069
     52 226111978
     39 226187066
     30 226249552
     23 226335704
     26 226374431
     19 226411319
     29 226497570
     32 226595780
     26 226626265
     24 226736501
     18 226927024
     31 227057885
     28 227085237
     14 227179841
     35 227452908
     43 227506175
     30 227599020
     31 227618227
     27 227621765
     28 227751236
     27 227916240
     43 227923112
     17 228135631
     32 228165866
     20 228194752
     37 228270361
     32 228293112
     35 228297013
     25 228303174
     27 228327663
     32 228337553
     26 228353213
     27 228353516
     31 228395831
     19 228594541
     25 228604562
     59 228645560
     63 228645808
     39 228652327
     33 228674762
      1 228744885
     29 228823162
     21 228870824
     27 229177918
     23 229406775
     23 229406822
     28 229407346
     30 229455150
     16 229479041
     32 229569845
     23 229576767
     31 229644103
     29 229694442
     30 229706279
     24 229761794
     28 229761981
     39 229825651
     36 229841608
     30 230193536
     27 230404229
     49 230417639
     45 230778235
     23 231005335
     27 231114621
     33 231114727
     42 231157357
     24 231175992
     38 231297858
     44 231376933
     45 231376953
     22 231472850
     39 231473598
     31 231560790
     39 231664287
     38 231664302
     30 231762561
     25 232697304
     44 232940643
     41 233086351
     33 233425193
     31 233431459
     14 233463514
     25 233749750
     25 233972178
     33 234040679
     42 234492752
     43 234492887
     44 234509202
     39 234509339
     35 234614849
     42 234742754
     17 234745271
     33 234765057
     48 234782035
     33 234831900
     28 234861148
     43 235092978
     30 235105809
     37 235116551
     37 235292251
     38 235324772
     25 235490665
     32 235491534
     23 235530675
     29 235667781
     16 235814054
     34 235901305
     31 235991238
     29 236046940
     29 236228462
     43 236273361
     26 236305832
     28 236445319
     32 236450260
     27 236511562
     30 236646465
     39 236681300
     38 236687808
     22 236713580
     36 236767804
     46 236958581
     42 237144639
     38 238090131
     47 239216203
     50 240136087
     51 240175946
     48 240308689
     32 240333455
     53 240800352
     39 240934834
     31 241082953
     37 241162094
     30 241683061
     41 241695434
     28 241799232
     36 241840678
     37 241995237
     38 242011269
     47 242156487
     29 242540734
     25 243138307
     16 243220496
     52 243265046
     25 243299200
     23 243418708
     29 243419320
     26 243431421
     30 244014381
     24 244214583
     28 244515937
     17 244615436
     27 244617679
     37 244816237
     29 244858022
     29 244998624
     30 245018799
     32 245027844
     40 245133007
     32 245318287
     29 246670614
     46 246729626
     48 246729746
     53 246769175
     26 246845410
     24 246887349
     33 246935603
     36 246939315
     26 247095280
     42 247171395
     39 247206093
     49 247242113
     43 247267674
     10 247335310
     34 247348784
     26 247351828
     29 247372795
     24 247393242
     24 247405125
     16 247495148
     33 247579458
     29 247990788
     67 248524883
     22 248616077
     50 248636627
     23 248648785
     23 248651885
     41 248684916
     12 248712057
     31 248722797
     43 248738080
     32 248757100
     27 248802559
     34 248845629
     52 249120832
     32 249132409
     29 249153343
     32 249200395
     28 249230780
