   1221 11869
   1230 29554
   1230 29806
   1235 91105
   1244 131104
   1244 133566
   1245 139697
   1245 149707
   1252 173864
   1256 228775
   1164 267253
   1575 320162
   1572 326096
   1525 329784
   1489 332243
   1437 460480
   1652 470907
   2905 523009
   2940 523833
   4316 564442
   4321 565020
   4348 566205
   4353 566454
   4379 568137
   4388 568915
   4396 569076
   4415 569756
   8371 657465
   8651 663527
   9548 685396
  10140 700305
  10653 714006
  10653 714162
  10743 717325
  10860 721320
  11808 740179
  12021 745541
  12276 752751
  12285 753092
  12619 762902
  12621 762988
  14193 808672
  14346 812283
  15134 846815
  15727 860260
  17107 894689
  17149 895967
  17381 901877
  18150 917497
  18851 935552
  19152 943609
  19340 948803
  19566 955503
  20383 995114
  21205 1051741
  21037 1142071
  21040 1149518
  20989 1167411
  21002 1167629
  21310 1182102
  21377 1186714
  21565 1209265
  21619 1210603
  21694 1214447
  21652 1243947
  21660 1244989
  21707 1254069
  21679 1260071
  21680 1260136
  21731 1266694
  21719 1284760
  21656 1297157
  21572 1310875
  21419 1334708
  21412 1334902
  21312 1342693
  21247 1357149
  21162 1369953
  21163 1370241
  20880 1385069
  20695 1407143
  20382 1447531
  19527 1510249
  19527 1510355
  19066 1535476
  18951 1550795
  18789 1567474
  18671 1588935
  18723 1624167
  18754 1631369
  18740 1655966
  18739 1656054
  18765 1663993
  18742 1667256
  18615 1677431
  18088 1711896
  18539 1822502
  18526 1822910
  18736 1846266
  18706 1850712
  19219 1981909
  20397 2115828
  20202 2144159
  20074 2160134
  19346 2316811
  19326 2323146
  19328 2323267
  18955 2345236
  19000 2398898
  17617 2458039
  17589 2461684
  17621 2487078
  17618 2488470
  17581 2497849
  17523 2512999
  17434 2517930
  17602 2564481
  17811 2706280
  19789 3528059
  19907 3541307
  19922 3541566
  19984 3569084
  19987 3569325
  19930 3585336
  17516 3654439
  17096 3663900
  16054 3689352
  15095 3713068
  13593 3773778
  13588 3773845
  13534 3816857
  13536 3816936
  17756 6051526
  17733 6052533
  16995 6240183
  16906 6265535
  16908 6269449
  16960 6296032
  16957 6296300
  16859 6321035
  16641 6454451
  16379 6484730
  16376 6484848
  16334 6526255
  16180 6580121
  15949 6614595
  15939 6615241
  15775 6640061
  15509 6673745
  15509 6674667
  15448 6684926
  15352 6761984
  15122 6845384
  15640 7831329
  15600 7844380
  15178 7887402
  15018 7913572
  14892 8000926
  14980 8014351
  15419 8086368
  15449 8118523
  15335 8377886
  14836 8484705
  14164 8810489
  14605 8846994
  14747 8877702
  15028 8938066
  15032 8938894
  15034 8939308
  15007 8953468
  15053 8967803
  16451 9148537
  16701 9189250
  16693 9242271
  16558 9262678
  16601 9294863
  16334 9352939
  16060 9599541
  15792 9636485
  15788 9648932
  15328 9711790
  15339 9714644
  15127 9747632
  14591 9884584
  14530 9908376
  14375 9970394
  14478 10003465
  14478 10003486
  14438 10007376
  14152 10057264
  14007 10092890
  14074 10270764
  14442 10458649
  29304 10490159
  14657 10509776
  14734 10518612
  14744 10532345
  14746 10532583
  16200 10856707
  16073 11042094
  15963 11072414
  15889 11107290
  15866 11120081
  15793 11128528
  15842 11159732
  15845 11159938
  15896 11293020
  15702 11322608
  15647 11333263
  15703 11339408
  16021 11539223
  16423 11714432
  16429 11715842
  16663 11724181
  16612 11751707
  16611 11751786
  16670 11796141
  16859 11821844
  16872 11866207
  16889 11866977
  16781 11883337
  16822 11901074
  16795 11908402
  16892 11937827
  16672 11986485
  16694 11994262
  16750 12040238
  16516 12079523
  16093 12123434
  14884 12227060
  14396 12290124
  16844 12677737
  12894 12908578
   4219 13184326
  15975 14026693
  16009 14105625
  16419 14925200
  16778 15478960
  16778 15479028
  16858 15573768
  16451 15670372
  16095 15735929
  16088 15736391
  16026 15853029
  16026 15853308
  16030 15911605
  15980 15930121
  15981 15931077
  15887 15943995
  15233 16010827
  14866 16062900
  14865 16063391
  15232 16119291
  15479 16134194
  15646 16154724
  15520 16174359
  15518 16174642
  15540 16302627
  15287 16330731
  15252 16345330
  15250 16346089
  15200 16370247
  15110 16400127
  15281 16482582
  15442 16539140
  15494 16543823
  15600 16556094
  15729 16563495
  15750 16567893
  14561 16678949
  14561 16679070
  14378 16696025
  13448 16763919
  13443 16767167
  13489 16787443
  13282 16819196
  12975 16840780
  12978 16841140
  12926 16847189
  12622 16879026
  11235 16940083
  11462 16971178
  11471 16972069
  11634 16993443
  11627 16999498
  11819 17012550
  12148 17046652
  11966 17067011
  12051 17096732
  12350 17181902
  12456 17197440
  12676 17216144
  12774 17222232
  12775 17222475
  14544 17338423
  15270 17380665
  17154 17445948
  17057 17531621
  17166 17634690
  17385 17733256
  17445 17766220
  17182 17866330
  16306 18807424
  16347 19229275
  16066 19283180
  15767 19536770
  15768 19536995
  15821 19578033
  15821 19578046
  15810 19600688
  15791 19615744
  15841 19638640
  15845 19638820
  16128 19812066
  15815 19923477
  15744 19934608
  15584 19967048
  15456 19991780
  15358 20126438
  15560 20209006
  15459 20354672
  15375 20446050
  15365 20465819
  15216 20512578
  15241 20812713
  15241 20834654
  14587 20915441
  14496 20959948
  14448 20978686
  14421 20988000
  14305 21044510
  14307 21059330
  14289 21069480
  14167 21113816
  13960 21503377
  14228 21619783
  14687 21671997
  14959 21724480
  14926 21754460
  14926 21754795
  14973 21766621
  14765 21835858
  15246 21995856
  16142 22110099
  16124 22138758
  15801 22234591
  16000 22263790
  16653 22351461
  16651 22351681
  16701 22379120
  16392 22470462
  16048 22778344
  15410 23037332
  13577 23345941
  13230 23504301
  13222 23571258
  13323 23613245
  13692 23670829
  13771 23695490
  13769 23695935
  14100 23751233
  14197 23810750
  14192 23857712
  14293 23886285
  14302 23907985
  14068 24018269
  12836 24069645
  11925 24104777
  11919 24104895
  11737 24117460
  11726 24127271
  11855 24165110
  12062 24194784
  12241 24229227
  12170 24275873
  12189 24285549
  12186 24285599
  12245 24307417
  12475 24514449
  14677 24645812
  14264 24742284
  14248 24743424
  14188 24829387
  13978 24865371
  13702 24958207
  14205 25071848
  15027 25287836
  15053 25291612
  14739 25558993
  14385 25593627
  14364 25598884
  14293 25621134
  14166 25664408
  14164 25664704
  13883 25725203
  13740 25756683
  13735 25757388
  13480 25870071
  13938 25943959
  13826 25985602
  14187 26126667
  14107 26145131
  14101 26146263
  14094 26147288
  14067 26185903
  14073 26186104
  14129 26197744
  14115 26233482
  14388 26324648
  14437 26437664
  14707 26496362
  14698 26498312
  14681 26503894
  14450 26560691
  14376 26605667
  14365 26644448
  14366 26644854
  13981 26758773
  13725 26781678
  13690 26798941
  13443 26856252
  12808 27020622
  12813 27022524
  12870 27113963
  12855 27153201
  12914 27189633
  12938 27202624
  12998 27216788
  13001 27219052
  13026 27226729
  13026 27226962
  13281 27286897
  13300 27306656
  13294 27312831
  13303 27320198
  13500 27493472
  13509 27503242
  13405 27527964
  13413 27533421
  13430 27537755
  13446 27561007
  13349 27634278
  13334 27648651
  13368 27651820
  13296 27668513
  13226 27693383
  13188 27719148
  13254 27816669
  13305 27930942
  13325 27961788
  13368 27975930
  13393 27989233
  13405 27995979
  13427 27998729
  13555 28052490
  13528 28065602
  13449 28099694
  13379 28157289
  13508 28199055
  13397 28241257
  13394 28261504
  13391 28285973
  13464 28415207
  13461 28422933
  13511 28447832
  13233 28520447
  13261 28559536
  13264 28562620
  13363 28586038
  13573 28655513
  13541 28696114
  13795 28780031
  13778 28832455
  13777 28832492
  13783 28833878
  13776 28835071
  13756 28853741
  13777 28879597
  13824 28909495
  13834 28918712
  13890 28969597
  13890 28969740
  13899 28995244
  13768 29063133
  13207 29194087
  13225 29203848
  13190 29213603
  13135 29309122
  13109 29450447
  13390 29508499
  13663 29557454
  13700 29563028
  16420 31190940
  16378 31196434
  15984 31230667
  15650 31381608
  15160 31538838
  15140 31736529
  15251 31769662
  15252 31769842
  15028 31849697
  14704 31882412
  14448 31961608
  14440 31971841
  14378 31984036
  14325 32042116
  14489 32110497
  14353 32169920
  14087 32230494
  13854 32281652
  13888 32379174
  13702 32410457
  13679 32479430
  13666 32537632
  13615 32573639
  13560 32645287
  13611 32665987
  13625 32671236
  13624 32672415
  13629 32674695
  13572 32687529
  13574 32687972
  13542 32707221
  13547 32712834
  13565 32716840
  13538 32757687
  13609 32788162
  13600 32801980
  13536 32817122
  13518 32829879
  13587 32860332
  13944 33005028
  14007 33116504
  14004 33116743
  13883 33169197
  13894 33207486
  13810 33282368
  13803 33283754
  13732 33338083
  13741 33351595
  13704 33367039
  13457 33430286
  13419 33445543
  13449 33452553
  13450 33452676
  13375 33546597
  13372 33546705
  13462 33647671
  13464 33722146
  13606 33780296
  13875 33896653
  14018 33938232
  14209 33977608
  14373 35258599
  14397 35316295
  14346 35325417
  14330 35395186
  14134 35450914
  14134 35450954
  13919 35497569
  13879 35525387
  13725 35587623
  13834 35658749
  13843 35734568
  13728 35816323
  13750 35831678
  13051 36023074
  13043 36023551
  13065 36038971
  13073 36043330
  13023 36107445
  13045 36185073
  13027 36204990
  13006 36235568
  13091 36273773
  13138 36335409
  13187 36396319
  13699 36549676
  13766 36554476
  14038 36590821
  14137 36615098
  14118 36621180
  14330 36690017
  14681 36771988
  14835 36789335
  14834 36789755
  14977 36851497
  14970 36863493
  14976 36916086
  14961 36930038
  15031 36948879
  15207 37940012
  15211 37940153
  15050 37980375
  14940 38010364
  14879 38019905
  14878 38021843
  14882 38022520
  14525 38061540
  14295 38100595
  14239 38157914
  14238 38158090
  14261 38230805
  14175 38259474
  14077 38266551
  14064 38272651
  14056 38273857
  14003 38325292
  14005 38326369
  14032 38412729
  13891 38456593
  14025 38471278
  14039 38474930
  14148 38512450
  14155 38512986
  14485 38940868
  14128 39174626
  14322 39325495
  14323 39325672
  28418 39347289
  13974 39407471
  13870 39456895
  13730 39491990
  13610 39546988
  13092 39770570
  13250 39876151
  13499 39957318
  13575 39980628
  13699 40011859
  13799 40024379
  13873 40030832
  13996 40042462
  14086 40105617
  14106 40137710
  14093 40157361
  14089 40157854
  14067 40183700
  14301 40237020
  14198 40254533
  14201 40254648
  14369 40349183
  14389 40363417
  14424 40367928
  14241 40420802
  14193 40428352
  14028 40505905
  13840 40563375
  13582 40598434
  13630 40627045
  13555 40723639
  13553 40723779
  13511 40783488
  13540 40799230
  13559 40810522
  13576 40915774
  13613 40929991
  13636 40942887
  13655 40974333
  13657 40974413
  13686 40980729
  13686 40982846
  13715 40997233
  13985 41131329
  14188 41157320
  14452 41249684
  14124 41328018
  13949 41445007
  13872 41488909
  13889 41707826
  14405 41827594
  14649 41950344
  14840 42007739
  13676 42501596
  13751 42801548
  13772 42804047
  13765 42846466
  13647 42878465
  13568 42921788
  13569 42921938
  13603 42929001
  13668 42966067
  13781 43124096
  13992 43144406
  14012 43148098
  14262 43232755
  14266 43232940
  14285 43242461
  14439 43282795
  14439 43282954
  14456 43312033
  14457 43312058
  14455 43312093
  14453 43312280
  14417 43354438
  14409 43358101
  14457 43368903
  14597 43424539
  14599 43424720
  14229 43637820
  13921 43727589
  13896 43735665
  13888 43766664
  14060 43824329
  14067 43824599
  14181 43833697
  14273 43850784
  14256 43855479
  14256 43855553
  14083 43914315
  14096 43919660
  14059 43990858
  13865 44115829
  13717 44171495
  13702 44173809
  13660 44317405
  13711 44398992
  13674 44412223
  13674 44412611
  13589 44435672
  13617 44440159
  13579 44444615
  13545 44457031
  13438 44497139
  13590 44588184
  13826 44679127
  13905 44820932
  13675 44870866
  14224 45140227
  14218 45140364
  14159 45190179
  14202 45205490
  14218 45240923
  14209 45241482
  14173 45246387
  14156 45253377
  14075 45265897
  14003 45272957
  14015 45274154
  13758 45308735
  13738 45309754
  13570 45424229
  13126 45452282
  13123 45454397
  13109 45457895
  13078 45477001
  13069 45477819
  12842 45536101
  12847 45771881
  12972 45792545
  13039 45805342
  13047 45806142
  13371 45880692
  13435 45956872
  13426 45965725
  13425 45965751
  13499 45988719
  13646 46016215
  13556 46049518
  13534 46089729
  13565 46111869
  13578 46117498
  13579 46152886
  13587 46153785
  13622 46162747
  13675 46216322
  13532 46246949
  13537 46252659
  13177 46313280
  13249 46640745
  13271 46642160
  13327 46669006
  13285 46685977
  13366 46713360
  13652 46769280
  13652 46769303
  13849 46805849
  13929 46859937
  13926 46897801
  14385 47082515
  14385 47082563
  14300 47139539
  14589 47184824
  14372 47357301
  14308 47540463
  14090 47644922
  14089 47644943
  14060 47779819
  14295 47799469
  14148 47900313
  14133 47901689
  14261 48791795
  14192 48901639
  14121 48937845
  12961 49244275
  12247 50513686
  12677 50791803
  12857 50871696
  12599 51246011
  12706 51425935
  12712 51426417
  13045 51624143
  13125 51701943
  13227 51717144
  13478 51810788
  13526 51837951
  13270 51927393
  13135 51983981
  13144 51985000
  13058 52042851
  13055 52259721
  13066 52344477
  13441 52456436
  13475 52499063
  13484 52499488
  13535 52521797
  13536 52521843
  13542 52608046
  13419 52626274
  13421 52628698
  13463 52645518
  13468 52719293
  13453 52831865
  13453 52834347
  13493 52870131
  13491 52870236
  13363 53019159
  13425 53068044
  13454 53099016
  13511 53164038
  13552 53192126
  13768 53238320
  14091 53308183
  14968 53386077
  15008 53392884
  15010 53392901
  14979 53459374
  14963 53460398
  15350 53662101
  15336 53679447
  15394 53686289
  15396 53686335
  30796 53704282
  15547 53793742
  15088 53833917
  14277 54304533
  14212 54356407
  14219 54356912
  14148 54411750
  14143 54411975
  14187 54441772
  14625 54500553
  14679 54519177
  14674 54519260
  14840 54555529
  14811 54565897
  14837 54569968
  15097 54637997
  15109 54649714
  15165 54665709
  15164 54665746
  15250 54691156
  15220 54703710
  15864 54879152
  15804 55002469
  15786 55007930
  15692 55089229
  15814 55181495
  15826 55230187
  16019 55266940
  16061 55271736
  15705 55352548
  15715 55352921
  15708 55353236
  15177 55681039
  15193 55688052
  14501 57085222
  14534 57110974
  14534 57110995
  14303 58071878
  14055 58514963
  14088 58522152
  14813 59012474
  14756 59043166
  14726 59097202
  14708 59165764
  14785 59249785
  14805 59250823
  14781 59362375
  14773 59465348
  14793 59486059
  14757 59553867
  15018 59664293
  15022 59762467
  14294 60280458
  13964 60392462
  13797 62191095
  13778 62208149
  14657 62504514
  14990 62584681
  15004 62660503
  13909 62901968
  12758 63153969
  12757 63154153
  13443 63249806
  13766 63790112
  13569 63826850
  13583 63833261
  13514 63989043
  13547 64014635
  13401 64058916
  13396 64059392
  13412 64121426
  13401 64239693
  13408 64254975
  13563 64309356
  13981 64636980
  13778 64936428
  13036 65210778
  13430 65432187
  13417 65451772
  13552 65543814
  13466 65613232
  13403 65713902
  13039 65886248
  13039 65886270
  13580 66258197
  13699 67390570
  13699 67390578
  13588 67519782
  13587 67632083
  14097 67743735
  14252 67773047
  14761 67896098
  14846 68150744
  14403 68299150
  14593 68517314
  14925 68628773
  14987 68698803
  14929 68708738
  14292 68944812
  14162 68962359
  14166 68962904
  13473 70385005
  12929 70607065
  12637 70671303
  12637 70671365
  12995 70820417
  12995 70820488
  13016 70826120
  13235 70876901
  13270 70996209
  13663 71126348
  13719 71514538
  13726 71546980
  13727 71547007
  13282 72740235
  13358 72767155
  14115 74663871
  14115 74663922
  14114 74663926
  14113 74663937
  14809 75139422
  14688 75198836
  14689 75199092
  14241 76047784
  14279 76076801
  14293 76107772
  14093 76190036
  14015 76210461
  14079 76251879
  14092 76262567
  13897 76540389
  14960 77165474
  13611 77594768
  13549 77660510
  13498 77685115
  12487 78149104
  12315 78225537
  12268 78240549
  12235 78245309
  12035 78277621
  12054 78312793
  12177 78354198
  12178 78355224
  12590 78444794
  12590 78444859
  12592 78445226
  12647 78509853
  12959 78557183
  14977 79085607
  15318 79115481
  15312 79131956
  15467 79214758
  15850 79521740
  15368 79986765
  15767 80917690
  16010 80961588
  16055 81001440
  15706 81564690
  15853 81674253
  16157 81771845
  16079 81892141
  15805 81967455
  15196 82726817
  12938 84464833
  12902 84543745
  12884 84551424
  13217 84710017
  13095 84764049
  13459 84944942
  13460 84971974
  13457 84972248
  13623 85040163
  13920 85156486
  14059 85358896
  13979 85462796
  13945 85464830
  13764 85514182
  13364 85666729
  13321 85725355
  13469 85742398
  13486 85743771
  13866 86044046
  13902 86046444
  14044 86174116
  13990 86622626
  14082 86862025
  14331 87170145
  14331 87170259
  14104 87250596
  13780 87380107
  13783 87380331
  14299 87511554
  14301 87511558
  14226 87794151
  13460 89149905
  13467 89150887
  13978 89294785
  13975 89357627
  14087 89389053
  14210 89458636
  14210 89458643
  14304 89488577
  14312 89531043
  14488 89570450
  14355 89616139
  14345 89664615
  14345 89726265
  14343 89738544
  14276 89756020
  14002 89829605
  13861 89873238
  13625 89990395
  13538 90098453
  13536 90098631
  13384 90286573
  13626 90457722
  13620 90459880
  13557 91317207
  13596 91359169
  13885 91487829
  13878 91489476
  14051 91793926
  14099 91852949
  14134 91966404
  14251 92001163
  14225 92100568
  13734 92371892
  13235 92540968
  13215 92545862
  13027 92581362
  12979 92590858
  12842 92632542
  12734 92694992
  12671 92764522
  12671 92764544
  12848 92864531
  13023 92952433
  13285 93257961
  13289 93297597
  12784 93427079
  12421 93544792
  12580 93645476
  12583 93646285
  12596 93656617
  12308 93811445
  12304 93811582
  12469 93850555
  12676 93913658
  13862 94241000
  14246 94312706
  14476 94345474
  14575 94374966
  14442 94586688
  14051 94740624
  14068 94798823
  14069 94883933
  14029 95392834
  14036 95393122
  13400 95538501
  13248 95582894
  13204 95699711
  13320 95729610
  14301 96884150
  14332 96912486
  14263 97145176
  14119 97187221
  14071 98011257
  13585 98386605
  14114 99127236
  14469 99473774
  13704 100232187
  13432 100315640
  12854 100435345
  12851 100435420
  12787 100496122
  12791 100503653
  12622 100598511
  12617 100598706
  12509 100643771
  12482 100678849
  12541 100715390
  12559 100731676
  12558 100731763
  12886 100798173
  12981 100810584
  13312 100859582
  14089 100951553
  14620 101185305
  13844 101361554
  13844 101361632
  13645 101407550
  13801 101461029
  13868 101491409
  13873 101491644
  14631 101702084
  14640 101702444
  14724 101708714
  14947 101721830
  15131 101736919
  15548 101788893
  15430 102254059
  14813 102462586
   5303 104068313
   6034 104096437
   6439 104112175
   7960 104159999
   8873 104197912
   9236 104210890
  10047 104239302
  10546 104256345
  10687 104293028
  13093 104469189
  16166 104615632
  16165 104615645
  16844 106240661
  16313 106434052
  16312 106434361
  14197 107599267
  14117 107682629
  14242 108047825
  14371 108507766
   9989 108742548
   9963 108743471
   9575 108786703
   9606 108816311
   9301 108918421
   9307 108963311
  11324 109102711
  12397 109204148
  13178 109234945
  13613 109289296
  13737 109417972
  13850 109506111
  13817 109534878
  14004 109572688
  14074 109584850
  14129 109589448
  14157 109618624
  14148 109633357
  14110 109642815
  14059 109647388
  14027 109656301
  14061 109756540
  14042 109792641
  14094 109825808
  13568 109940573
  13668 109969062
  13535 110009180
  13529 110026101
  13495 110036674
  13482 110052360
  13475 110082494
  13481 110091233
  13587 110138847
  13654 110155679
  13675 110158726
  13676 110172927
  13873 110193992
  13892 110198703
  13899 110210644
  13956 110230436
  13956 110230450
  13993 110236364
  13983 110254877
  13983 110284384
  14295 110452864
  14578 110527308
  14456 110574199
  14364 110583793
  14205 110600962
  14192 110613234
  13821 110753965
  14560 110881128
  14546 110881793
  14357 110933704
  14301 110950147
  14297 110950564
  14430 111174096
  14457 111199662
  14436 111217655
  14033 111391563
  13984 111415772
  14164 111484975
  14162 111486089
  14252 111506701
  14862 111682249
  14862 111682838
  14909 111743393
  14940 111747157
  14872 111888910
  14942 111970399
  14971 111975690
  14976 111980136
  14972 111983986
  14931 111991486
  14935 111991998
  14898 112016414
  14622 112084840
  14569 112106597
  14421 112151345
  14269 112192166
  14186 112282463
  14213 112297867
  14213 112298446
  15390 112531777
  14689 112938803
  14226 112999440
  14075 113009163
  14096 113161795
  14109 113163447
  14016 113215763
  14001 113239243
  14032 113250056
  14030 113258099
  14016 113392650
  14016 113393265
  14052 113466045
  14105 113499037
  14105 113499635
  14185 113550876
  13804 113615727
  13805 113615831
  13577 113669505
  13408 113711616
  13277 113741447
  12781 113933371
  12433 113992322
  11832 114242253
  12117 114302111
  12298 114355001
  12300 114355098
  12569 114399257
  12752 114414381
  12933 114430169
  13015 114447763
  13017 114447823
  13237 114471814
  13239 114472114
  13706 115053781
  13540 115078616
  13238 115124260
  12886 115213043
  12898 115238239
  12863 115259515
  12694 115301297
  12858 115323306
  13582 115632121
  15769 116107222
  15620 116184574
  14635 116386538
  14630 116400440
  14574 116519119
  14345 116654376
  14038 116915290
  13884 116961197
  13684 117021464
  13721 117041834
  13696 117076714
  13641 117113661
  13907 117210375
  13884 117257457
  13900 117285231
  13919 117297007
  14288 117452679
  14498 117544382
  14425 117602112
  14438 117602925
  14385 117665209
  13812 117910071
  13890 118148556
  13840 118184261
  14222 118321128
  13674 118472253
  13676 118472343
  13524 118727846
  15155 119158269
  14024 119532179
  13886 119628577
  14010 119669914
  14029 119683019
  14021 119683294
  14549 119762719
  15558 119869926
  16031 120039464
  16201 120141894
  16215 120143963
  16028 120190396
  15895 120202421
  13375 120387779
  13296 120395939
  10793 120544125
   9623 120612240
   5127 120837272
   5120 120838343
   4921 120880883
   4957 120904675
   4941 120906043
   4999 120924841
   8860 121107124
  12627 121244142
  12627 121261143
   7984 142618766
   8245 142660749
   8485 142688925
   8606 142713881
   8609 142714605
   8652 142729971
   8534 142791175
   8515 142791488
   8107 142803532
   7614 142816004
   7209 143119061
   8140 143188828
   8173 143211070
   9301 143244859
  10454 143275032
  11123 143343559
  11123 143347958
  10675 143377281
   7456 143467658
   4465 143687097
   4288 143719704
   4229 143721171
   3666 143745417
   3303 143767881
   3566 143913143
   3562 143913615
   2802 144146808
   1673 144311376
   1779 144339738
   1823 144341756
   2323 144364246
   3506 144491605
   3506 144521970
   4507 144593363
   5186 144612683
   7282 144679969
   9196 144811744
   9438 144835867
  11156 145076186
  10713 145096220
  10079 145139569
   9873 145209119
   9873 145209145
  10159 145277250
  10181 145289772
  10237 145375554
  10222 145382397
  10452 145413095
  10563 145438469
  10892 145470388
  10890 145470508
  10989 145477085
  11275 145507598
  11265 145508262
  11299 145516076
  11301 145516252
  11339 145524891
  11374 145575233
  11449 145590461
  11375 145611025
  11375 145611036
   8665 145715614
   8445 145726918
   6185 145827103
   4838 145883868
   3262 145942619
   3024 145952372
   2699 145969433
   1970 146011091
   1245 146059926
    908 146076838
    764 146082765
   2725 146253110
   6817 146373546
   7330 146392852
   9749 146475178
  12321 146555127
  13605 146596107
  15062 146644129
  15087 146644806
  14972 146649692
  15697 146676513
  17058 146714291
  17078 146714700
  16567 146790828
  15413 147013182
  14685 147142618
   7980 147400506
   6235 147481824
   6256 147484331
   6426 147494090
   6495 147511167
   6664 147552868
   6529 147601780
   6141 147618673
   5977 147624601
   5399 147887350
   5399 147907215
   5459 147931933
   5641 147955419
   4463 148025863
   2524 148193172
   2476 148202536
   2247 148248104
   3457 148347506
   3496 148349256
   3267 148555979
   3372 148575051
   3229 148598398
   3228 148598976
   4534 148737087
   4534 148739443
   4545 148760504
   4545 148761018
   5252 148806015
   6527 148854138
   8882 148928322
  12500 149036435
  13513 149224221
  13513 149230716
  13513 149239531
  13504 149261186
  12669 149284645
  12508 149287451
   8401 149399179
   8374 149400542
   7377 149459549
   6307 149553003
   6173 149575482
   6117 149577296
   5744 149591762
   5642 149605917
   5925 149647622
   6083 149664577
   6194 149672997
   6258 149675978
   8664 149783928
   8697 149785236
   9170 149804232
   9356 149812765
   9393 149814478
   9396 149814606
   9536 149820591
   9571 149822340
   9580 149822643
   9620 149824181
   9817 149832714
  10203 149858232
  10197 149858486
  10199 149858525
  10222 149859466
  11001 149889434
  11142 149900236
  11153 149908791
  11272 149982686
  11570 150025846
  11607 150039369
  12883 150121373
  12958 150131600
  12938 150208504
  13026 150230169
  13084 150240600
  13094 150241980
  13096 150254953
  13145 150266289
  13299 150293925
  13405 150335567
  13111 150459887
  13005 150480538
  12993 150488233
  12897 150521884
  12784 150552073
  12562 150602088
  12333 150669672
  12303 150738433
  12330 150780799
  12343 150849244
  12424 150876372
  12461 150898739
  12605 150937736
  12684 150947479
  12775 150954493
  12950 150980851
  12951 150980896
  13053 151009046
  13106 151020216
  13161 151030234
  13158 151032249
  13138 151043054
  13424 151119104
  13353 151129105
  13405 151138424
  13408 151138498
  13419 151148492
  13464 151167797
  13474 151170425
  13491 151227179
  13428 151254094
  13428 151254405
  13388 151300191
  13284 151313124
  13277 151319443
  13275 151319833
  13220 151372010
  13074 151431941
  12905 151482986
  12911 151512781
  12855 151529922
  13067 151584541
  12812 151735445
  12815 151736040
  12798 151763280
  12790 151763892
  12703 151813033
  12709 151814353
  12748 151826173
  12736 151882284
  13238 151966866
  13895 152020383
  14637 152050428
  14531 152086556
  14983 152196669
  15564 152297679
  15463 152372052
  15791 152748848
  15854 152758690
  15850 152779107
  15856 152784447
  16465 152881021
  16330 152921686
  16152 153014407
  16216 153030013
  16152 153085991
  16406 153197556
  16187 153232176
  15997 153283194
  15791 153321316
  15727 153330330
  15692 153353440
  15367 153508720
  15365 153514241
  15303 153521848
  15318 153522612
  15142 153540366
  14809 153589462
  14767 153600402
  14715 153606525
  14718 153606873
  14672 153618305
  14465 153631130
  14313 153643524
  14248 153651113
  13791 153700543
  13551 153746830
  13071 153825890
  12687 153895451
  12598 153919172
  12586 153931101
  12618 153940010
  12618 153940188
  12619 153950164
  12573 153958834
  12562 153963235
  12548 153968108
  12764 154127592
  12860 154167124
  12955 154192655
  12967 154193104
  13065 154244987
  13270 154298029
  13506 154351565
  13548 154377669
  13550 154379040
  13600 154387613
  13769 154474589
  13858 154531504
  13827 154540257
  13868 154600475
  13573 154680702
  13197 154842756
  12941 154909467
  13010 154928599
  13012 154936329
  12996 154946871
  12998 154947129
  13011 154955814
  12953 154975127
  12899 155006257
  12873 155018594
  12856 155023042
  12789 155036207
  12789 155036224
  12541 155099936
  12556 155107820
  12559 155108373
  12576 155113071
  12572 155121020
  12680 155145873
  12730 155159747
  12731 155162707
  12747 155166659
  12735 155178490
  12732 155178842
  12702 155183610
  12645 155197214
  12607 155200766
  12553 155214653
  12558 155225274
  12563 155232221
  12552 155247374
  12544 155248282
  12493 155271225
  12464 155278539
  12474 155280381
  12480 155290687
  12476 155293967
  12513 155402969
  12618 155531833
  12620 155532598
  12654 155556435
  12673 155579979
  12672 155580171
  12657 155581011
  12589 155630036
  12459 155657751
  12464 155658791
  12378 155815158
  12375 155829191
  12374 155829300
  12521 155881195
  12517 155904191
  12622 155966129
  12661 155990750
  12777 156023585
  12792 156024543
  12851 156051789
  12859 156052364
  13066 156117157
  13232 156163880
  13209 156182773
  13208 156182784
  13351 156211753
  13324 156217881
  13453 156252616
  13455 156252726
  13497 156265463
  13699 156307105
  13814 156337664
  13945 156400493
  13983 156470620
  13821 156542396
  13811 156549519
  13833 156561542
  13907 156571288
  14146 156611182
  14180 156631216
  14264 156647189
  14471 156675608
  14431 156698234
  14425 156698591
  14424 156711382
  14438 156720402
  14411 156736717
  14385 156786654
  15242 157015162
  15369 157030554
  15394 157043049
  15346 157069600
  15370 157108266
  15237 157522310
  15140 157567870
  15039 157610091
  15223 157661552
  15252 157670775
  15332 157678876
  15065 157746922
  14982 157789895
  16213 158147545
  16436 158223927
  16586 158259563
  17143 158423988
  16745 158493462
  15643 158656488
  15311 158801107
  14979 158900586
  14638 158969758
  14396 159116886
  14471 159141399
  14600 159172177
  14606 159173097
  14839 159750722
  14604 159796540
  14465 159825137
  14489 159869953
  14725 159895522
  14892 159915394
  14637 159996584
  14632 160001783
  14340 160040038
  14164 160068733
  14178 160121360
  14217 160160285
  14248 160175127
  14241 160178659
  14292 160231534
  14306 160237016
  14501 160254920
  14519 160256138
  14607 160287191
  14744 160313062
  14742 160313190
  14771 160336857
  14773 160370376
  14975 160493052
  15247 160549306
  15578 160617085
  15641 160639938
  15640 160643136
  15861 160681641
  15870 160709037
  15608 160765896
  15376 160832692
  15154 160864770
  14930 160905327
  14585 161008780
  14585 161008784
  14527 161015767
  14477 161039760
  14454 161059389
  14444 161068151
  14355 161087876
  14356 161087901
  14259 161102478
  14128 161122566
  14133 161129139
  14134 161129240
  14145 161136200
  14084 161147309
  13897 161166894
  13838 161168846
  13372 161185024
  13210 161195793
  13208 161208092
  13225 161228517
  13552 161279762
  13525 161284047
  13384 161337664
  13383 161337812
  13533 161349148
  13719 161375858
  13595 161475220
  13575 161494036
  13462 161551101
  13460 161551129
  13401 161576081
  13165 161644614
  13102 161655042
  13380 161676762
  13781 161691353
  13806 161719548
  13763 161736000
  13765 161736084
  13524 161860623
  14682 162336698
  14774 162467041
  14700 162531321
  14630 162601163
  14659 162760492
  14867 163187426
  14964 163236366
  14848 163291684
  15154 164326004
  14993 165600098
  15038 165668100
  14851 165738166
  14855 165738417
  14866 165788590
  14868 165796768
  14918 165991452
  15089 166136206
  15212 166246834
  15662 166459276
  14922 166716594
  14519 166808681
  14578 166837985
  14574 166845564
  14262 166944719
  14148 166958346
  13815 167059868
  13816 167063282
  13881 167132074
  14389 167190066
  15064 167487847
  15169 167523004
  15338 167560629
  15478 167596622
  15481 167599330
  15343 167690429
  14643 167883453
  14511 167905021
  14508 167906278
  14254 168025660
  14175 168054469
  14070 168106821
  14102 168148171
  14197 168179854
  14213 168195176
  14234 168216581
  14378 168250278
  14846 168338292
  15396 168420449
  15668 168511975
  15657 168513235
  15732 168545711
  15699 168548678
  15305 168867374
  15083 168907705
  14412 169074935
  13600 169337205
  13600 169337208
  13983 169429907
  14153 169455241
  14150 169455380
  14348 169555826
  14476 169599380
  14469 169631245
  14516 169680839
  14551 169764107
  14464 169828902
  14615 169863408
  14069 170054349
  13771 170339508
  13746 170501270
  13731 170501788
  13966 170631869
  14782 171217638
  14676 171240729
  14607 171283347
  14467 171308440
  14579 171454651
  14249 171640079
  14118 171653578
  13931 171711387
  13877 171731214
  13841 171750788
  13816 171794099
  13885 171810621
  13532 172413230
  13574 172501489
  13229 172717700
  12938 173111489
  13027 173176452
  13133 173320828
  13092 173332872
  12670 173430501
  12716 173446405
  12554 173639001
  12533 173684080
  12434 173710813
  12294 173793641
  12293 173793858
  12354 173831290
  12321 173837220
  12324 173838020
  12632 173991435
  12735 174128548
  12743 174129142
  13775 174417212
  13401 174819306
  13839 174968300
  14041 174992561
  14075 175014784
  14170 175036994
  14842 175162224
  14795 175889649
  14811 175891111
  14261 175986413
  14070 176176629
  14069 176176784
  13723 176241619
  13029 176432307
  12894 176585925
  14268 177995366
  13560 178062864
  12997 178380751
  13352 178511887
  14133 178694300
  14121 178716889
  14100 178840187
  13941 178994939
  14067 179050512
  14093 179070798
  14593 179170840
  14708 179198819
  14826 179262925
  14770 179334855
  14591 179417575
  14547 179426450
  13625 179846934
  13697 179851177
  14167 179923575
  14171 179923873
  14278 180123969
  14328 180199421
  14370 180245359
  14577 180403935
  14403 180472089
  14137 180601140
  14342 180882290
  14418 180924023
  14387 180933647
  14419 180945618
  14482 180992047
  14528 181003067
  14630 181057638
  14822 181143620
  14452 181382238
  14409 182305136
  14448 182361341
  14132 182558391
  14182 182573543
  14162 182584389
  13852 182758428
  13719 182808439
  13797 182911539
  13785 182992597
  14216 183155373
  13698 183387737
  13632 183441351
  13633 183441400
  13437 183560011
  13472 183604892
  13469 183605208
  14320 184006863
  14347 184020811
  14050 184356192
  13661 184724047
  13704 184943682
  13588 185014496
  13610 185126204
  13610 185126212
  13669 185140842
  13808 185196832
  13835 185249976
  13969 185286461
  14455 185703683
  13940 186265405
  13953 186344825
  13953 186344890
  13955 186369704
  13923 186430254
  13988 186550323
  14001 186649559
  14370 186798085
  14887 187532193
  15698 189962227
  14366 192216617
  14368 192216635
  14012 192544857
  13841 192605275
  13646 192685313
  13264 192778169
  12851 192963807
  12751 193028552
  12744 193029237
  12708 193075244
  12805 193091147
  12767 193155784
  15739 194158097
  14493 197108437
  14431 197115824
  13771 197169672
  13628 197191352
  13237 197704766
  13257 197716581
  13366 197744826
  13566 197871777
  13577 198126093
  13619 198167316
  13651 198567998
  13663 198607801
  13588 198649162
  13194 198906558
  14240 199356269
  13946 199996730
  13702 200182656
  13628 200379184
  13605 200443048
  13554 200589862
  13771 200638635
  13776 200639126
  14131 200708686
  14717 200832936
  14755 200842083
  14922 200860176
  15578 200992828
  15581 200993077
  16492 201140702
  16011 201368736
  16111 201398994
  15849 201434274
  15806 201438365
  15594 201476369
  15588 201478584
  15522 201487831
  15495 201489184
  14750 201592411
  14502 201798269
  14517 201798687
  14520 201857808
  14626 201924619
  14646 201947770
  14624 201951500
  14578 201977073
  14567 201979481
  14432 202113869
  14355 202130716
  14277 202137179
  13307 202311108
  13274 202317827
  13079 202407524
  13008 202441258
  13391 202679545
  13752 202736548
  14049 202778598
  14062 202780082
  14189 202830748
  14189 202830882
  14038 202858263
  13983 202880940
  14084 202897764
  14157 202927700
  14196 202936408
  14461 202976514
  14487 202995626
  14642 203059782
  14858 203144941
  14916 203155877
  15268 203224871
  15397 203242769
  15387 203256280
  15444 203274437
  15440 203274619
  15533 203320617
  14943 203595689
  14925 203626888
  14656 203734304
  14675 203764782
  14663 203765437
  14680 203775391
  14614 203805040
  14604 203830731
  14739 203873147
  14876 204042243
  14944 204183220
  14706 204316386
  14625 204346793
  14650 204380945
  14742 204463852
  14687 204485511
  14744 204498820
  14673 204595903
  14796 204654861
  14995 204797779
  14501 205053645
  14608 205091143
  14582 205171319
  14572 205180727
  14495 205197304
  14267 205290883
  14296 205320375
  14339 205473723
  14251 205538013
  14131 205594611
  14185 205601090
  14380 205649587
  13012 205719404
  12267 205744588
  11183 205782876
   8532 205912588
   7050 206136916
   7022 206137828
   6729 206288647
   6939 206306131
   8801 206516198
  10262 206643791
  11029 206671061
  11199 206677281
  11291 206680879
  11923 206702248
  13533 206785904
  13806 206808881
  14118 206858289
  14137 206869614
  14195 206945839
  14242 206972215
  14029 207070788
  14020 207080964
  14019 207096592
  13967 207119811
  13954 207143970
  13616 207222801
  13598 207226325
  13547 207262187
  12067 207494853
  12558 207627575
  12656 207669492
  12717 207726324
  12851 207818458
  12850 207818579
  13033 207925402
  14351 208042495
  15351 208417665
  15190 208871043
  15034 209346359
  15108 209405541
  15177 209441568
  15114 209757062
  15126 209825811
  14833 209848765
  14783 209859510
  14502 209897470
  14376 209929377
  14207 209957904
  14138 209979465
  14064 210001352
  14651 210440587
  15032 210501596
  14978 211035627
  14615 211346819
  14537 211380389
  14407 211431719
  14595 211499957
  14671 211556145
  14771 211590367
  14736 211608414
  14738 211615616
  14782 211752084
  14681 211834619
  14733 211848960
  14132 212004114
  14002 212109591
  13884 212208884
  13885 212208919
  13853 212225371
  13764 212458782
  13672 212482860
  13668 212588243
  13614 212606229
  13767 212731175
  13762 212738676
  14295 212873327
  14220 212965124
  14220 212965170
  14275 212997369
  14123 213020991
  14111 213031430
  14109 213031597
  13911 213123862
  13800 213189168
  13719 213224589
  14195 214156524
  14697 214454445
  14950 214656730
  14961 214725792
  14895 214776538
  14871 214782183
  14619 215740735
  14564 216596738
  14808 217665317
  13909 217804424
  13911 217804666
  14653 218023975
  14740 218458629
  14636 218519577
  13771 219347186
  13768 219347303
  13688 219373909
  13647 219398839
  14788 219786462
  13884 220220000
  13944 220263804
  13900 220267444
  13829 220317693
  13878 220426912
  13853 220441259
  13842 220445796
  13716 220489045
  13724 220490941
  14151 220701568
  14135 220799082
  14112 220863187
  14013 220921567
  14183 220960101
  14287 221051699
  15171 221915518
  13210 222641436
  13260 222721445
  13161 222763167
  13164 222763275
  13159 222791428
  13103 222815200
  13113 222817657
  13112 222885895
  13112 222886552
  13603 222988364
  13603 222988406
  13277 223742862
  13150 223853436
  12375 223889295
  12999 224033674
  13315 224045089
  13381 224052553
  13092 224135302
  13169 224175856
  13168 224183597
  13168 224183659
  13004 224222758
  13144 224301789
  13267 224363408
  13269 224363458
  13684 224407315
  13910 224518089
  13909 224544552
  13746 224622362
  13768 224624735
  13770 224762136
  13974 225083964
  13575 225600404
  13465 225616627
  13460 225653045
  14167 225965531
  14200 225997794
  14254 226034223
  14294 226070069
  28776 226111978
  14148 226187066
  13776 226249552
  13555 226335704
  13660 226374431
  13638 226411319
  13547 226497570
  13857 226595780
  13941 226626265
  14263 226736501
  14259 226927024
  14333 227057885
  14287 227085237
  14343 227179841
  14394 227452908
  14312 227506175
  14364 227599020
  14302 227618227
  14297 227621765
  14394 227751236
  14721 227916240
  14621 227923112
  14800 228135631
  14812 228165866
  14640 228194752
  14878 228270361
  14944 228293112
  14976 228297013
  15061 228303174
  15151 228327663
  15138 228337553
  15116 228353213
  15110 228353516
  14965 228395831
  14182 228594541
  14109 228604562
  14022 228645560
  14022 228645808
  14025 228652327
  14051 228674762
  13755 228744885
  13453 228823162
  13679 228870824
  15662 229177918
  15410 229406775
  15409 229406822
  15414 229407346
  15243 229455150
  15243 229479041
  14717 229569845
  14779 229576767
  14727 229644103
  14992 229694442
  15030 229706279
  15188 229761794
  15183 229761981
  14973 229825651
  15030 229841608
  16433 230193536
  16164 230404229
  16145 230417639
  15311 230778235
  15232 231005335
  15310 231114621
  15308 231114727
  14912 231157357
  14834 231175992
  14916 231297858
  14916 231376933
  14916 231376953
  14632 231472850
  14632 231473598
  14447 231560790
  14249 231664287
  14249 231664302
  14326 231762561
  15426 232697304
  15154 232940643
  14753 233086351
  14987 233425193
  14995 233431459
  15217 233463514
  15815 233749750
  15251 233972178
  15224 234040679
  15642 234492752
  15648 234492887
  15618 234509202
  15617 234509339
  15647 234614849
  15260 234742754
  15248 234745271
  15185 234765057
  15142 234782035
  15079 234831900
  15085 234861148
  13318 235092978
  13256 235105809
  13248 235116551
  13496 235292251
  13454 235324772
  14822 235490665
  14842 235491534
  15144 235530675
  14969 235667781
  14415 235814054
  14375 235901305
  14477 235991238
  14593 236046940
  15262 236228462
  15484 236273361
  15577 236305832
  15861 236445319
  15905 236450260
  16119 236511562
  16058 236646465
  16157 236681300
  16151 236687808
  16218 236713580
  16074 236767804
  15517 236958581
  15190 237144639
  15143 238090131
  15692 239216203
  16199 240136087
  16254 240175946
  16329 240308689
  16323 240333455
  15617 240800352
  15504 240934834
  15554 241082953
  15410 241162094
  14999 241683061
  14975 241695434
  15020 241799232
  15144 241840678
  15630 241995237
  15669 242011269
  16325 242156487
  16182 242540734
  13966 243138307
  13499 243220496
  13244 243265046
  13030 243299200
  12375 243418708
  12368 243419320
  12447 243431421
  13834 244014381
  15240 244214583
  15745 244515937
  15411 244615436
  15429 244617679
  15083 244816237
  15155 244858022
  15378 244998624
  15418 245018799
  15407 245027844
  15767 245133007
  15946 245318287
  16002 246670614
  16194 246729626
  16192 246729746
  16271 246769175
  16595 246845410
  16697 246887349
  16715 246935603
  16717 246939315
  16601 247095280
  16138 247171395
  15990 247206093
  15794 247242113
  15796 247267674
  15926 247335310
  15935 247348784
  15943 247351828
  16039 247372795
  16039 247393242
  16019 247405125
  15468 247495148
  15434 247579458
  16133 247990788
  15225 248524883
  15526 248616077
  15450 248636627
  15542 248648785
  15550 248651885
  14783 248684916
  13825 248712057
  13419 248722797
  12864 248738080
  12156 248757100
  10628 248802559
  10310 248845629
   6976 249120832
   6632 249132409
   5955 249153343
   5765 249200395
   5765 249230780

